FormKey: 00108F:CoraCoeMultiversalBookHunter.esm
NavmeshGeometry:
  Versioning:
  - Break0
  NavmeshVersion: 17
  Parent:
    MutagenObjectType: WorldspaceNavmeshParent
    Parent: 001177:CoraCoeMultiversalBookHunter.esm
  Vertices:
  - Point: 53.05, 0.75, 26.96635
    Unknown: 1
  - Point: 53.100002, 0.05, 26.316349
    Unknown: 1
  - Point: 53.100002, 2.25, 28.066349
    Unknown: 1
  - Point: 51.65, 0.85, 27.51635
    Unknown: 1
  - Point: 52.350002, 0, 26.366352
    Unknown: 1
  - Point: 53, 0, 26.26635
    Unknown: 1
  - Point: 52.490627, 0.0093749985, 26.356977
  - Point: 51.830647, 0.8370968, 27.445383
  - Point: 51.719048, 0.9166667, 27.54254
  Triangles:
  - Vertices: 0, 1, 2
    EdgeLink_0_1: 2
    EdgeLink_1_2: -1
    EdgeLink_2_0: 1
    Height: 3.4028235E+38
    Flags:
    - Found
    - 0x1000
    CoverFlags: 2
  - Vertices: 2, 3, 0
    EdgeLink_0_1: -1
    EdgeLink_1_2: -1
    Height: 3.4028235E+38
    Flags:
    - Found
    - 0x1000
    CoverFlags: 49155
  - Vertices: 1, 0, 4
    EdgeLink_1_2: -1
    EdgeLink_2_0: 3
    Height: 3.4028235E+38
    Flags:
    - Found
    - 0x1000
    CoverFlags: 2
  - Vertices: 1, 4, 5
    EdgeLink_0_1: 2
    EdgeLink_1_2: -1
    EdgeLink_2_0: -1
    Height: 3.4028235E+38
    Flags:
    - Found
    - 0x1000
    CoverFlags: 6
  Cover:
  - Vertex1: 2
    Vertex2: 1
    Data: 2149582337
  - Vertex1: 1
    Vertex2: 6
    Data: 2229761
  - Vertex1: 4
    Vertex2: 10922
    Data: 1039399921437
  - Vertex1: 10922
    Vertex2: 24575
    Data: 1039399915422
  - Vertex1: 24575
    Vertex2: 38228
    Data: 1039399919519
  - Vertex1: 38228
    Vertex2: 57343
    Data: 1026515142558
  - Vertex1: 57343
    Data: 1047992075933
  - Vertex2: 7
    Data: 132609
  - Vertex1: 8
    Vertex2: 2
    Data: 274886960767
  CoverTriangleMappings:
  - Cover: 9
    Triangle: 2
  - Cover: 14
    Triangle: 1
  - Cover: 13
    Triangle: 1
  - Cover: 1
  - Cover: 5
    Triangle: 7
  - Cover: 4
    Triangle: 8
  GridSize: 1
  GridMaxDistance: 1.4500008, 2.25
  GridMin: 51.65, 0, 26.26635
  GridMax: 53.100002, 2.25, 3.4028235E+38
  GridArrays:
  - GridCell:
    - 4
    - 0
    - 0
    - 1
    - 2
    - 3
    - 12
    - 8
PreCutMapEntries: []
