FormKey: 001C2A:CoraCoeMultiversalBookHunter.esm
NavmeshGeometry:
  Versioning:
  - Break0
  NavmeshVersion: 17
  Parent:
    MutagenObjectType: WorldspaceNavmeshParent
    Parent: 001DBA:CoraCoeMultiversalBookHunter.esm
  Vertices:
  - Point: 99.1, 39.350002, 20.909924
    Unknown: 1
  - Point: 100, 38.95, 20.509922
    Unknown: 1
  - Point: 100, 40.2, 20.959923
    Unknown: 1
  - Point: 99.9, 40.3, 21.159924
    Unknown: 1
  - Point: 99.55, 38.3, 20.159924
    Unknown: 1
  - Point: 98.65, 38.4, 20.409924
    Unknown: 1
  - Point: 100, 39.922222, 20.859922
  Triangles:
  - Vertices: 0, 1, 2
    EdgeLink_0_1: 2
    EdgeLink_1_2: -1
    EdgeLink_2_0: 1
    Height: 3.4028235E+38
    Flags:
    - Found
    - 0x1000
    CoverFlags: 49154
  - Vertices: 0, 2, 3
    EdgeLink_1_2: -1
    EdgeLink_2_0: -1
    Height: 3.4028235E+38
    Flags:
    - Found
    - 0x1000
    CoverFlags: 4
  - Vertices: 1, 0, 4
    EdgeLink_1_2: 3
    EdgeLink_2_0: -1
    Height: 3.4028235E+38
    Flags:
    - Found
    - 0x1000
    CoverFlags: 32772
  - Vertices: 4, 0, 5
    EdgeLink_0_1: 2
    EdgeLink_1_2: -1
    EdgeLink_2_0: -1
    Height: 3.4028235E+38
    Flags:
    - Found
    - 0x1000
    CoverFlags: 49158
  Cover:
  - Vertex1: 6
    Vertex2: 1
    Data: 70370897823233
  - Vertex1: 1
    Vertex2: 4
    Data: 43980465243649
  - Vertex1: 4
    Vertex2: 5
    Data: 4398046512641
  - Vertex1: 5
    Data: 140737501857407
  - Vertex2: 3
    Data: 13194152904319
  CoverTriangleMappings:
  - Cover: 14
    Triangle: 2
  - Cover: 10
    Triangle: 1
  - Cover: 1
  - Cover: 6
    Triangle: 4
  - Cover: 13
    Triangle: 3
  GridSize: 1
  GridMaxDistance: 1.3499985, 2
  GridMin: 98.65, 38.3, 20.159924
  GridMax: 100, 40.3, 3.4028235E+38
  GridArrays:
  - GridCell:
    - 4
    - 0
    - 0
    - 1
    - 2
    - 3
    - 12
    - 8
PreCutMapEntries: []
