FormKey: 001C46:CoraCoeMultiversalBookHunter.esm
NavmeshGeometry:
  Versioning:
  - Break0
  NavmeshVersion: 17
  Parent:
    MutagenObjectType: WorldspaceNavmeshParent
    Parent: 001DBA:CoraCoeMultiversalBookHunter.esm
  Vertices:
  - Point: 76.65, 29.5, 26.059921
    Unknown: 1
  - Point: 77.15, 27.4, 27.009922
    Unknown: 1
  - Point: 79.05, 30.6, 27.85992
    Unknown: 1
  - Point: 77.0875, 27.6625, 26.891172
  Triangles:
  - Vertices: 0, 1, 2
    EdgeLink_0_1: -1
    EdgeLink_1_2: -1
    EdgeLink_2_0: -1
    Height: 3.4028235E+38
    Flags:
    - 0x1000
    CoverFlags: 49155
  Cover:
  - Vertex1: 2
    Vertex2: 22128
    Data: 246494617798015
  - Vertex1: 22128
    Vertex2: 1
    Data: 8860526249727
  - Vertex1: 3
    Data: 513
  CoverTriangleMappings:
  - Triangle: 2
  - Cover: 1
  GridSize: 1
  GridMaxDistance: 2.4000015, 3.2000008
  GridMin: 76.65, 27.4, 26.059921
  GridMax: 79.05, 30.6, 3.4028235E+38
  GridArrays:
  - GridCell:
    - 1
    - 0
    - 0
    - 12
    - 8
PreCutMapEntries: []
