FormKey: 000ADE:CoraCoeMultiversalBookHunter.esm
EditorID: csShip_StarfallTyrants
OffensiveMult: 0.5
DefensiveMult: 1
EquipmentScoreMultRanged: 1
AvoidThreatChance: 0.5
DodgeThreadChance: 0.5
EvadeThreatChance: 0.5
CSGDUnknownFloat2: 1
CSGDUnknownFloat3: 1
MeleeBashMult: 1
MeleeBashRecoilMult: 1
MeleeBashAttackMult: 1
MeleeBashPowerAttackMult: 1
MeleeBlockWhenStaggeredMult: 1
RangedAccuracyMult: 0.5
CSRAUnknownFloat1: 0.2
CSRAUnknownFloat2: 1
CSRAUnknownFloat3: 1
CSRAUnknownFloat4: 1
CSRAUnknownFloat5: 1
CloseRangeFlankDistance: 1
CloseRangeFlankingStalkTime: 1
CloseRangeFlankingVariance: 1
CSCRUnknownFloat2: 0.5
LongRangeStrafeMult: 0.5
LongRangeAdjustRangeMult: 0.5
LongRangeCrouchMult: 0.72999996
LongRangeWaitMult: 0.5
LongRangeRangeMult: 0.5
CSLRUnknownFloat1: 0.19999999
CSLRUnknownFloat3: 0.5
CSLRUnknownFloat4: 0.5
CoverSearchDistanceMult: 1
CSCVUnknownFloat1: 0.5
CSTN: 0x0000803F0000803F00007A440000803F0000004000000041000020410000A040
CSSG: 0x0000403F0000003F000000000000803F0000803F0000803F6666263F295C8F3D0000003F47E13A3F0000803FCDCC4C3D8FC2753ECCCCCC3ECCCCCC3D0000403F68916D3F0000803F0000803F0000F041010000009999993ECCCC4C3E9999993E0000803E000000000000403F0000803E0000403F00000000
CSSM: 0x00007041000000410000704100007041000070410000704100000000000070410000000000002041000000000000000000000000000000000000000000000000
CSSR: 0x3333B33E0000803F0000003F9999993ECCCC4C3E9999993E0000803E000000000000403F0000803E0000403F000000009999993ECCCC4C3E9A99993E0000803E000000000000403F0000803E0000403F00000000
CSSA: 0x0000803F0000803F0000803F0000003F0000803E000000000000403F0000803E0000403F00000000
CSSD: 0x0000FA430000FA440080BB45
Flags:
- Dueling
FNAM: 0xFEFF0100
TNAM: 205495:Starfield.esm
UNAM:
- 205495:Starfield.esm
- 205495:Starfield.esm
- 205495:Starfield.esm
- 205495:Starfield.esm
- 205495:Starfield.esm
- 205495:Starfield.esm
- 205495:Starfield.esm
- 205495:Starfield.esm
- 205495:Starfield.esm
- 205495:Starfield.esm
- 205495:Starfield.esm
- 205495:Starfield.esm
- 205495:Starfield.esm
- 205495:Starfield.esm
- 205495:Starfield.esm
- 205495:Starfield.esm
- 205495:Starfield.esm
