FormKey: 000ADF:CoraCoeMultiversalBookHunter.esm
EditorID: csShip_StarfallTyrants_Veteran
OffensiveMult: 1
DefensiveMult: 1
GroupOffensiveMult: 0.25
EquipmentScoreMultRanged: 1
AvoidThreatChance: 0.5
DodgeThreadChance: 0.5
EvadeThreatChance: 0.5
CSGDUnknownFloat2: 1
CSGDUnknownFloat3: 1
MeleeBashMult: 1
MeleeBashRecoilMult: 1
MeleeBashAttackMult: 1
MeleeBashPowerAttackMult: 1
MeleeBlockWhenStaggeredMult: 1
RangedAccuracyMult: 0.8
CSRAUnknownFloat1: 0.2
CSRAUnknownFloat2: 1
CSRAUnknownFloat3: 1
CSRAUnknownFloat4: 1
CSRAUnknownFloat5: 1
CloseRangeFlankDistance: 1
CloseRangeFlankingStalkTime: 1
CloseRangeFlankingVariance: 1
CSCRUnknownFloat2: 0.5
LongRangeStrafeMult: 0.5
LongRangeAdjustRangeMult: 0.5
LongRangeCrouchMult: 0.72999996
LongRangeWaitMult: 0.5
LongRangeRangeMult: 0.5
CSLRUnknownFloat1: 0.19999999
CSLRUnknownFloat3: 0.5
CSLRUnknownFloat4: 0.5
CoverSearchDistanceMult: 1
CSCVUnknownFloat1: 0.5
CSTN: 0x0000803F0000803F00007A440000803F0000004000000041000020410000A040
CSSG: 0x0000803FCDCC4C3F000000000000003F0000803F0000803F47E13A3FCDCC0C3F703D4A3FB29D4F3F00000000C2F5A83E0000803F14AE073F3333B33E0000803F0000803F0000803F0000803F0000A041010000000000804000002041CDCCCC3E0000803E000000000000403F0000803E0000403F00000000
CSSM: 0x00007041000000410000704100007041000070410000704100000000000070410000000000002041000000000000000000000000000000000000000000000000
CSSR: 0x3333B33E0000803F0000003F9999993ECCCC4C3E9999993E0000803E000000000000403F0000803E0000403F000000009999993ECCCC4C3E9A99993E0000803E000000000000403F0000803E0000403F00000000
CSSA: 0x0000803F0000803F0000803F0000003F0000803E000000000000403F0000803E0000403F00000000
CSSD: 0x0000FA430000FA440080BB45
Flags:
- Dueling
FNAM: 0xFFFF0100
TNAM: 205497:Starfield.esm
UNAM:
- 205497:Starfield.esm
- 205497:Starfield.esm
- 205497:Starfield.esm
- 205497:Starfield.esm
- 205497:Starfield.esm
- 205497:Starfield.esm
- 205497:Starfield.esm
- 205497:Starfield.esm
- 205497:Starfield.esm
- 205497:Starfield.esm
- 205497:Starfield.esm
- 205497:Starfield.esm
- 205497:Starfield.esm
- 205497:Starfield.esm
- 205497:Starfield.esm
- 205497:Starfield.esm
- 205497:Starfield.esm
