FormKey: 000ADC:CoraCoeMultiversalBookHunter.esm
EditorID: csStarfallTyrants_Sniper
OffensiveMult: 0.79999995
DefensiveMult: 0.39999998
GroupOffensiveMult: 0.7
EquipmentScoreMultMelee: 0.2
EquipmentScoreMultMagic: 9.999999
EquipmentScoreMultRanged: 1
EquipmentScoreMultShout: 9.999999
EquipmentScoreMultUnarmed: 0.1
AvoidThreatChance: 0.7
DodgeThreadChance: 0.59999996
EvadeThreatChance: 0.59999996
CSGDUnknownFloat1: 20
CSGDUnknownFloat2: 1
CSGDUnknownFloat3: 1
MeleeBashMult: 1
MeleeBashRecoilMult: 1
MeleeBashAttackMult: 1
MeleeBashPowerAttackMult: 1
MeleeBlockWhenStaggeredMult: 1
RangedAccuracyMult: 0.5
CSRAUnknownFloat1: 0.59999996
CSRAUnknownFloat2: 0.29999998
CSRAUnknownFloat3: 1
CSRAUnknownFloat4: 1
CSRAUnknownFloat5: 1
CloseRangeFlankDistance: 1
CloseRangeFlankingStalkTime: 1
CloseRangeFlankingVariance: 1
LongRangeStrafeMult: 0.3
LongRangeAdjustRangeMult: 0.3
LongRangeCrouchMult: 0.29999998
LongRangeWaitMult: 0.39999998
LongRangeRangeMult: 0.79999995
CSLRUnknownFloat1: 0.4
CSLRUnknownFloat2: 0.29999998
CSLRUnknownFloat3: 0.39999998
CSLRUnknownFloat4: 0.5
CoverSearchDistanceMult: 1
CSCVUnknownFloat1: 0.5
CSTN: 0x0000803F0000803F00007A440000803F0000004000000041000020410000A040
CSSG: 0x0000003F0000003FCDCC4C3E0000803F0000803F0000803F0000803F0000803F0000803F0000803F0000803F0000803F0000803F0000803F0000803F0000803F0000803F000000000000803F00007042010100009A99993ECDCC4C3E9A99993E0000803ECDCC4C3D3333333F0000803E3333333FCDCC4C3D
CSSM: 0x0000A040000070410000A0400000A0400000204100000000000000000000A0400000404000002041000040400000404000007041000000000000000000004040
CSSR: 0x0000003F0000003F0000003F9A99993ECDCC4C3E9A99993E0000803ECDCC4C3D3333333F0000803E3333333FCDCC4C3D9A99993ECDCC4C3E9A99993E0000803ECDCC4C3D3333333F0000803E3333333FCDCC4C3D
CSSA: 0x0000003F9A99993ECDCC4C3E9A99993E0000803ECDCC4C3D3333333F0000803E3333333FCDCC4C3D
CSSD: 0x0000FA4400007A450080BB45
Flags:
- Dueling
- 0x20
- 0x40
- 0x80
FNAM: 0x68000000
TNAM: 055BCA:Starfield.esm
UNAM:
- 2C5612:Starfield.esm
- 2C5610:Starfield.esm
- Null
- 055BCA:Starfield.esm
- 2C5612:Starfield.esm
- 055BCA:Starfield.esm
- 055BCA:Starfield.esm
- 2C5610:Starfield.esm
- Null
- Null
- Null
- Null
- Null
- Null
- Null
- Null
- Null
