FormKey: 000ADD:CoraCoeMultiversalBookHunter.esm
EditorID: csStarfallTyrants_Support
OffensiveMult: 0.19999999
DefensiveMult: 1
GroupOffensiveMult: 0.19999999
EquipmentScoreMultMelee: 0.2
EquipmentScoreMultRanged: 1
EquipmentScoreMultUnarmed: 0.1
AvoidThreatChance: 0.59999996
DodgeThreadChance: 0.5
EvadeThreatChance: 0.5
CSGDUnknownFloat1: 30
CSGDUnknownFloat2: 5
CSGDUnknownFloat3: 1
MeleeBashMult: 1
MeleeBashRecoilMult: 1
MeleeBashAttackMult: 1
MeleeBashPowerAttackMult: 1
MeleeBlockWhenStaggeredMult: 1
RangedAccuracyMult: 0.7
CSRAUnknownFloat1: 0.39999998
CSRAUnknownFloat2: 0.29999998
CSRAUnknownFloat3: 1
CSRAUnknownFloat4: 1
CSRAUnknownFloat5: 1
CloseRangeFlankDistance: 1
CloseRangeFlankingStalkTime: 1
CloseRangeFlankingVariance: 1
LongRangeStrafeMult: 0.5
LongRangeAdjustRangeMult: 0.19999999
LongRangeCrouchMult: 0.75
LongRangeWaitMult: 0.75
LongRangeRangeMult: 0.5
CSLRUnknownFloat1: 0.75
CSLRUnknownFloat2: 0.79999995
CSLRUnknownFloat3: 0.79999995
CSLRUnknownFloat4: 0.79999995
CoverSearchDistanceMult: 1
CSCVUnknownFloat1: 0.79999995
CSTN: 0x0000803F0000803F00007A440000803F0000004000000041000020410000A040
CSSG: 0x0000003F0000003FCDCC4C3E0000803F0000803F0000803F0000803F0000803F0000803F0000803F0000803F0000803F0000803F0000803F0000803F0000803F0000803F000000000000803F00007042010100009A99993ECDCC4C3E9A99993E0000803ECDCC4C3D3333333F0000803E3333333FCDCC4C3D
CSSM: 0x0000A040000070410000A0400000A0400000204100000000000000000000A0400000404000002041000040400000404000007041000000000000000000000000
CSSR: 0x0000003F0000003F0000003F9A99993ECDCC4C3E9A99993E0000803ECDCC4C3D3333333F0000803E3333333FCDCC4C3D9A99993ECDCC4C3E9A99993E0000803ECDCC4C3D3333333F0000803E3333333FCDCC4C3D
CSSA: 0x0000003F9A99993ECDCC4C3E9A99993E0000803ECDCC4C3D3333333F0000803E3333333FCDCC4C3D
CSSD: 0x0000FA4400007A450080BB45
Flags:
- Dueling
- 0x40
FNAM: 0xED200000
TNAM: 2C6686:Starfield.esm
UNAM:
- 2C6686:Starfield.esm
- 2C5610:Starfield.esm
- 2C6686:Starfield.esm
- 2C6686:Starfield.esm
- 2C5610:Starfield.esm
- 2C6686:Starfield.esm
- 2C6686:Starfield.esm
- 2C6686:Starfield.esm
- Null
- Null
- Null
- Null
- Null
- 2C6686:Starfield.esm
- Null
- Null
- Null
