MutagenObjectType: PlacedObject
FormKey: 000EE8:CoraCoeMultiversalBookHunter.esm
Base: 07147B:Starfield.esm
Layer: 233FF7:Starfield.esm
Position: -125.40362, 131.13512, -25.148752
Rotation: 0.02977562, -0.020903489, 5.9357615
