MutagenObjectType: PlacedObject
FormKey: 000E6D:CoraCoeMultiversalBookHunter.esm
Base: 029AF5:Starfield.esm
Scale: 1.42
Position: -12.523546, 97.20847, 1.7901158
Rotation: 0.06738498, -0.34653792, 3.7655077
