MutagenObjectType: PlacedObject
FormKey: 000E58:CoraCoeMultiversalBookHunter.esm
Base: 06F751:Starfield.esm
Layer: 233FF7:Starfield.esm
Position: -111.47509, 110.58962, -33.31501
Rotation: -0.040130727, 0.025071403, 1.2877681
