MutagenObjectType: PlacedObject
FormKey: 000E80:CoraCoeMultiversalBookHunter.esm
Base: 0D789C:Starfield.esm
Position: -118.80614, 99.26773, -23.662374
Rotation: 0.050301626, 0.14285769, 0.7151677
