MutagenObjectType: PlacedObject
FormKey: 000E68:CoraCoeMultiversalBookHunter.esm
Base: 01D2B6:Starfield.esm
Position: -11.555058, 97.67826, -1.5028262
Rotation: 0, -0, 0.06059003
