MutagenObjectType: PlacedObject
FormKey: 000ED6:CoraCoeMultiversalBookHunter.esm
Base: 06F3A7:Starfield.esm
Layer: 233FF8:Starfield.esm
Position: -111.641716, 96.125374, -32.666515
Rotation: 0.13239428, -0.016622158, 5.2325916
