MutagenObjectType: PlacedObject
FormKey: 000E71:CoraCoeMultiversalBookHunter.esm
Base: 029AF5:Starfield.esm
Position: -19.34449, 89.23672, -3.4150844
Rotation: -0.00817482, 0.11273277, 1.4602251
