MutagenObjectType: PlacedObject
FormKey: 000EDA:CoraCoeMultiversalBookHunter.esm
Base: 012366:Starfield.esm
Layer: 233FF8:Starfield.esm
Position: -111.79226, 97.6472, -32.146706
Rotation: -0.22776347, -0.01752707, 3.462389
