MutagenObjectType: PlacedObject
FormKey: 000EA4:CoraCoeMultiversalBookHunter.esm
Base: 3A5AE2:Starfield.esm
Position: -117.200806, 124.60359, -30.10706
Rotation: -0.14948875, -0.008388305, 4.712389
