MutagenObjectType: PlacedObject
FormKey: 000E92:CoraCoeMultiversalBookHunter.esm
Base: 3BE64A:Starfield.esm
Position: -78.22549, 82.49506, -16.867168
Rotation: -0.005063379, 0.09723077, 6.282694
