MutagenObjectType: PlacedObject
FormKey: 000EAB:CoraCoeMultiversalBookHunter.esm
Base: 3A5AE2:Starfield.esm
Position: -118.20753, 117.25631, -31.01035
Rotation: -0.09966389, -0.005050831, 6.2683434
