MutagenObjectType: PlacedObject
FormKey: 000E6B:CoraCoeMultiversalBookHunter.esm
Base: 029AF5:Starfield.esm
Scale: 1.42
Position: -13.480947, 90.92419, 2.212294
Rotation: -0.10729818, -0.15132292, 6.0885572
