MutagenObjectType: PlacedObject
FormKey: 000EAA:CoraCoeMultiversalBookHunter.esm
Base: 222F81:Starfield.esm
Position: -24.23853, 94.45004, -2.450321
Rotation: -0.5447265, 0.006455016, 4.6168723
