MutagenObjectType: PlacedObject
FormKey: 000E5D:CoraCoeMultiversalBookHunter.esm
Base: 028D6C:Starfield.esm
Position: -16.524698, 87.23593, -1.5028262
Rotation: 0, -0, 6.2537756
