MutagenObjectType: PlacedObject
FormKey: 000E6C:CoraCoeMultiversalBookHunter.esm
Base: 021706:Starfield.esm
Scale: 1.42
Position: -10.754995, 89.91116, 1.8237786
Rotation: -0.0056218333, -0.14969507, 2.9939651
