MutagenObjectType: PlacedObject
FormKey: 000E53:CoraCoeMultiversalBookHunter.esm
Base: 012368:Starfield.esm
Layer: 233FF8:Starfield.esm
Position: -84.692184, 75.42675, -17.501457
Rotation: 0.34443116, -0.14859985, 4.9116616
