MutagenObjectType: PlacedObject
FormKey: 000E73:CoraCoeMultiversalBookHunter.esm
Base: 01D2B6:Starfield.esm
Position: -12.925341, 85.03193, -0.3886752
Rotation: 0, -0, 1.2605901
