MutagenObjectType: PlacedObject
FormKey: 000E5F:CoraCoeMultiversalBookHunter.esm
Base: 028D7E:Starfield.esm
Scale: 1.0799999
Position: -19.700863, 91.53426, -3.6356578
Rotation: 0.0501662, -0.0195791, 0.07637937
