MutagenObjectType: PlacedObject
FormKey: 000EF9:CoraCoeMultiversalBookHunter.esm
Base: 012368:Starfield.esm
Layer: 233FF8:Starfield.esm
Position: -40.345013, 91.06508, -4.3044124
Rotation: -0.044689395, 0.22298564, 0.14533886
