MutagenObjectType: PlacedObject
FormKey: 000E82:CoraCoeMultiversalBookHunter.esm
Base: 122F06:Starfield.esm
Layer: 2B3CB9:Starfield.esm
Position: -112.11127, 106.538666, -31.714376
Rotation: 0, -0, 4.0531855
