MutagenObjectType: PlacedObject
FormKey: 000E72:CoraCoeMultiversalBookHunter.esm
Base: 029AF5:Starfield.esm
Scale: 1.42
Position: -13.968433, 86.832085, 1.6083703
Rotation: -0.14954191, -0.050951514, 1.8186722
