MutagenObjectType: PlacedObject
FormKey: 000E79:CoraCoeMultiversalBookHunter.esm
Base: 24F0F8:Starfield.esm
Layer: 233FF8:Starfield.esm
Position: -77.23886, 90.38829, -16.68719
Rotation: 0.07008303, 0.0070716455, 3.2673268
