MutagenObjectType: PlacedObject
FormKey: 000ECD:CoraCoeMultiversalBookHunter.esm
Base: 290E3B:Starfield.esm
Layer: 233FF7:Starfield.esm
Position: -102.70304, 101.122086, -17.368992
Rotation: 0.015226845, -0.058796827, 4.8516583
