MutagenObjectType: PlacedObject
FormKey: 000ED4:CoraCoeMultiversalBookHunter.esm
Base: 06F751:Starfield.esm
Layer: 233FF7:Starfield.esm
Position: -109.69907, 93.534836, -34.222317
Rotation: -0.17843434, 0.03989989, 0.68630165
