MutagenObjectType: PlacedObject
FormKey: 000EAC:CoraCoeMultiversalBookHunter.esm
Base: 3A5AE2:Starfield.esm
Position: -127.00187, 124.59763, -30.067528
Rotation: -0.14948888, -0.068388306, 4.712389
