MutagenObjectType: PlacedObject
FormKey: 000E9B:CoraCoeMultiversalBookHunter.esm
Base: 222F81:Starfield.esm
Position: -122.09409, 124.40188, -29.929644
Rotation: 0.5003248, 0.24150494, 5.177389
