MutagenObjectType: PlacedObject
FormKey: 000E75:CoraCoeMultiversalBookHunter.esm
Base: 028D78:Starfield.esm
Position: -9.628221, 95.781044, -1.9820495
Rotation: -0.04471362, -0.030015938, 1.1475759
