MutagenObjectType: PlacedObject
FormKey: 000E74:CoraCoeMultiversalBookHunter.esm
Base: 021706:Starfield.esm
Scale: 1.23
Position: -8.340162, 93.74572, 0.40321207
Rotation: -0.044713642, -0.03001593, 1.1475759
