MutagenObjectType: PlacedObject
FormKey: 000EA2:CoraCoeMultiversalBookHunter.esm
Base: 3A5AE2:Starfield.esm
Position: -114.43523, 110.62235, -31.648668
Rotation: -0.08998361, 0.0017258947, 1.5899224
