MutagenObjectType: PlacedObject
FormKey: 000E63:CoraCoeMultiversalBookHunter.esm
Base: 028D78:Starfield.esm
Scale: 0.79999995
Position: -12.610781, 94.91023, 1.5870137
Rotation: 0.053113215, -0.22078142, 1.7723655
