MutagenObjectType: PlacedObject
FormKey: 000EF8:CoraCoeMultiversalBookHunter.esm
Base: 012368:Starfield.esm
Layer: 233FF8:Starfield.esm
Position: -52.449177, 90.82786, -10.362855
Rotation: 0.40148857, 0.31888026, 4.712389
