MutagenObjectType: PlacedObject
FormKey: 000EF1:CoraCoeMultiversalBookHunter.esm
Base: 012366:Starfield.esm
Layer: 233FF8:Starfield.esm
Position: -119.48105, 95.57156, -31.652681
Rotation: 0.15472539, -0.24844387, 6.2448535
