MutagenObjectType: PlacedObject
FormKey: 000E9C:CoraCoeMultiversalBookHunter.esm
Base: 222F81:Starfield.esm
Position: -108.55258, 101.4819, -30.695927
Rotation: 0.5003248, 0.24150494, 5.177389
