MutagenObjectType: PlacedObject
FormKey: 000E7C:CoraCoeMultiversalBookHunter.esm
Base: 06F74A:Starfield.esm
Layer: 233FF7:Starfield.esm
Position: -116.49538, 86.02445, -35.259415
Rotation: -2.010447, -1.2525985, 3.2791398
