MutagenObjectType: PlacedObject
FormKey: 000EF4:CoraCoeMultiversalBookHunter.esm
Base: 012368:Starfield.esm
Layer: 233FF8:Starfield.esm
Position: -104.5067, 92.221924, -30.103565
Rotation: 0.16078521, 0.17116082, 0.2776156
