MutagenObjectType: PlacedObject
FormKey: 000EF0:CoraCoeMultiversalBookHunter.esm
Base: 012366:Starfield.esm
Layer: 233FF8:Starfield.esm
Position: -108.43438, 89.349754, -31.861935
Rotation: 0.06515976, 0.34844655, 0.02227565
