MutagenObjectType: PlacedObject
FormKey: 000ECF:CoraCoeMultiversalBookHunter.esm
Base: 06F746:Starfield.esm
Layer: 233FF7:Starfield.esm
Scale: 1.23
Position: -103.1266, 104.64163, -17.637156
Rotation: 2.400619, -0.25644708, 5.6350036
