MutagenObjectType: PlacedObject
FormKey: 000ED5:CoraCoeMultiversalBookHunter.esm
Base: 012366:Starfield.esm
Layer: 233FF8:Starfield.esm
Position: -111.84515, 93.02995, -32.62508
Rotation: -0.049855918, 0.11694192, 3.7681048
