MutagenObjectType: PlacedObject
FormKey: 000ED9:CoraCoeMultiversalBookHunter.esm
Base: 06F3A9:Starfield.esm
Layer: 233FF8:Starfield.esm
Position: -112.46169, 96.676674, -32.450104
Rotation: -0.016332567, -0.050773934, 4.8491216
