MutagenObjectType: PlacedObject
FormKey: 000EFC:CoraCoeMultiversalBookHunter.esm
Base: 06F751:Starfield.esm
Layer: 233FF7:Starfield.esm
Position: -78.762726, 85.64665, -17.938198
Rotation: 0.26282308, 0.3207038, 3.1688194
