MutagenObjectType: PlacedObject
FormKey: 000E78:CoraCoeMultiversalBookHunter.esm
Base: 012366:Starfield.esm
Layer: 233FF8:Starfield.esm
Position: -114.00194, 113.00468, -31.27054
Rotation: -0.037994348, 0.07815569, 0.026169993
