MutagenObjectType: PlacedObject
FormKey: 000ED7:CoraCoeMultiversalBookHunter.esm
Base: 06F3A7:Starfield.esm
Layer: 233FF8:Starfield.esm
Position: -114.429214, 89.60147, -31.838224
Rotation: 0.10624057, -0.06870381, 2.9309933
