MutagenObjectType: PlacedObject
FormKey: 000E62:CoraCoeMultiversalBookHunter.esm
Base: 01D1F6:Starfield.esm
Scale: 0.79999995
Position: -14.581361, 87.55037, 0.8906274
Rotation: -2.918432, 0.3979686, 3.3724124
