MutagenObjectType: PlacedObject
FormKey: 000EDD:CoraCoeMultiversalBookHunter.esm
Base: 06F3A8:Starfield.esm
Layer: 233FF8:Starfield.esm
Position: -106.954124, 110.757484, -31.212217
Rotation: 0.077744864, 0.05298616, 0.38628563
