MutagenObjectType: PlacedObject
FormKey: 000E5C:CoraCoeMultiversalBookHunter.esm
Base: 021706:Starfield.esm
Position: -13.930476, 93.91348, 1.3749967
Rotation: 0, -0, 1.0974054
