MutagenObjectType: PlacedObject
FormKey: 000E70:CoraCoeMultiversalBookHunter.esm
Base: 029AF5:Starfield.esm
Position: -18.834349, 94.62494, -3.1426044
Rotation: -0.11277114, -0.0076249195, 6.177932
