MutagenObjectType: PlacedObject
FormKey: 000E6E:CoraCoeMultiversalBookHunter.esm
Base: 01D2B6:Starfield.esm
Position: -16.068462, 95.76312, -1.5028262
Rotation: 0, -0, 1.1805903
