MutagenObjectType: PlacedObject
FormKey: 000EEC:CoraCoeMultiversalBookHunter.esm
Base: 06F3A6:Starfield.esm
Layer: 233FF8:Starfield.esm
Position: -97.802864, 95.22483, -24.49907
Rotation: -0.13414724, 0.15713839, 3.0617533
