MutagenObjectType: PlacedObject
FormKey: 000E7B:CoraCoeMultiversalBookHunter.esm
Base: 24F0F6:Starfield.esm
Layer: 233FF8:Starfield.esm
Position: -80.69003, 87.49609, -17.256811
Rotation: 0.0745734, 0.46428415, 2.8430862
