MutagenObjectType: PlacedObject
FormKey: 000E88:CoraCoeMultiversalBookHunter.esm
Base: 012366:Starfield.esm
Layer: 233FF8:Starfield.esm
Position: -116.96772, 96.27578, -32.116615
Rotation: -0.09692285, -0.033968598, 2.812389
