MutagenObjectType: PlacedObject
FormKey: 000E97:CoraCoeMultiversalBookHunter.esm
Base: 222F81:Starfield.esm
Position: -116.168884, 96.26091, -31.689665
Rotation: -0.069073364, -0.40463915, 0.027229577
