MutagenObjectType: PlacedObject
FormKey: 000F36:CoraCoeMultiversalBookHunter.esm
Base: 161B68:Starfield.esm
Position: -52.467175, 90.3291, -11.098228
Rotation: 0, -0, 5.3831854
