MutagenObjectType: PlacedObject
FormKey: 000F37:CoraCoeMultiversalBookHunter.esm
Base: 161B68:Starfield.esm
Position: -62.059734, 89.4211, -12.040421
Rotation: 0.08114723, 0.27912563, 0.1224029
