MutagenObjectType: PlacedObject
FormKey: 000F6A:CoraCoeMultiversalBookHunter.esm
Base: 06F750:Starfield.esm
Layer: 233FF7:Starfield.esm
Position: -34.12192, 94.78252, -3.0281062
Rotation: 0.1343127, 0.12863714, 3.5120769
