MutagenObjectType: PlacedObject
FormKey: 000FE5:CoraCoeMultiversalBookHunter.esm
Base: 028D70:Starfield.esm
Layer: 233FF7:Starfield.esm
Position: -21.967867, 86.19462, -1.3987117
Rotation: 0.2742579, 0.09418687, 6.2796073
