MutagenObjectType: PlacedObject
FormKey: 000F63:CoraCoeMultiversalBookHunter.esm
Base: 1339B8:Starfield.esm
Layer: 233FF8:Starfield.esm
Scale: 0.45999998
Position: -36.488487, 96.6808, -2.4660344
Rotation: 0, -0, 3.6331854
