MutagenObjectType: PlacedObject
FormKey: 000FA3:CoraCoeMultiversalBookHunter.esm
Base: 2C4F85:Starfield.esm
Layer: 233FF7:Starfield.esm
Position: -126.60569, 91.25289, -21.973475
Rotation: -0.07025027, 0.00056945503, 5.479908
