MutagenObjectType: PlacedObject
FormKey: 000FEC:CoraCoeMultiversalBookHunter.esm
Base: 06F747:Starfield.esm
Layer: 233FF7:Starfield.esm
Position: -27.276089, 86.27378, 7.524993
Rotation: -2.94496, -1.5100465, 1.7599891
