MutagenObjectType: PlacedObject
FormKey: 000F02:CoraCoeMultiversalBookHunter.esm
Base: 06F74A:Starfield.esm
Layer: 233FF7:Starfield.esm
Position: -74.06642, 66.75275, -12.607622
Rotation: 2.7731676, 6.1020746, 0.4601508
