MutagenObjectType: PlacedObject
FormKey: 000FB1:CoraCoeMultiversalBookHunter.esm
Base: 290E3B:Starfield.esm
Layer: 233FF7:Starfield.esm
Position: -84.92494, 96.03623, -20.659222
Rotation: -0.21348645, 0.14960839, 2.396121
