MutagenObjectType: PlacedObject
FormKey: 000FCE:CoraCoeMultiversalBookHunter.esm
Base: 06F746:Starfield.esm
Layer: 233FF7:Starfield.esm
Scale: 1.0799999
Position: -116.86259, 131.49144, -27.478981
Rotation: -0.003684709, -0.02493803, 3.6623273
