MutagenObjectType: PlacedObject
FormKey: 000F59:CoraCoeMultiversalBookHunter.esm
Base: 2C4F85:Starfield.esm
Layer: 233FF7:Starfield.esm
Position: -71.64464, 81.431175, -21.106422
Rotation: 0.04909611, 0.122920044, 1.9164186
