MutagenObjectType: PlacedObject
FormKey: 000FE8:CoraCoeMultiversalBookHunter.esm
Base: 06F745:Starfield.esm
Layer: 233FF7:Starfield.esm
Scale: 0.77
Position: -24.928404, 97.10801, -1.4392352
Rotation: 0.3704726, -0.070779964, 4.261999
