MutagenObjectType: PlacedObject
FormKey: 000FBD:CoraCoeMultiversalBookHunter.esm
Base: 07147B:Starfield.esm
Layer: 233FF7:Starfield.esm
Scale: 0.87
Position: -99.75271, 88.805305, -7.6674933
Rotation: -2.8860936, 1.3164625, 0.39608106
