MutagenObjectType: PlacedObject
FormKey: 000F93:CoraCoeMultiversalBookHunter.esm
Base: 06F749:Starfield.esm
Layer: 233FF7:Starfield.esm
Scale: 1.09
Position: -53.7426, 96.65232, 5.8705754
Rotation: 2.8091033, -0.038224354, 3.2754107
