MutagenObjectType: PlacedObject
FormKey: 000FC3:CoraCoeMultiversalBookHunter.esm
Base: 1F5614:Starfield.esm
ConstrainedDecal: 4.62, 3.6599994, 0.5
Layer: 233FF7:Starfield.esm
Position: -127.09724, 114.902466, -30.199759
Rotation: 3.1289725, 0.21130893, 2.20297
