MutagenObjectType: PlacedObject
FormKey: 000F39:CoraCoeMultiversalBookHunter.esm
Base: 161B68:Starfield.esm
Position: -42.382137, 96.768745, -6.481636
Rotation: 0.035416815, 0.065107204, 0.777545
