MutagenObjectType: PlacedObject
FormKey: 000F99:CoraCoeMultiversalBookHunter.esm
Base: 290E3B:Starfield.esm
Layer: 233FF7:Starfield.esm
Scale: 1.13
Position: -96.34729, 97.98375, -22.77375
Rotation: -0.12628385, -0.04130249, 1.3670574
