MutagenObjectType: PlacedObject
FormKey: 000F22:CoraCoeMultiversalBookHunter.esm
Base: 2CC9EF:Starfield.esm
Primitive:
  Bounds: 80.112206, 80, 56.003998
  Color: '#0015DBD6'
  Unknown: 0.3
  Type: Box
Position: -102.92445, 101.701324, -11.10973
Rotation: 0, 0, 4.683185
