MutagenObjectType: PlacedObject
FormKey: 000F89:CoraCoeMultiversalBookHunter.esm
Base: 0714BF:Starfield.esm
Layer: 233FF7:Starfield.esm
Position: -94.78886, 92.48074, -24.18552
Rotation: 0.04196775, 0.37437436, 0.12058712
