MutagenObjectType: PlacedObject
FormKey: 000F72:CoraCoeMultiversalBookHunter.esm
Base: 06F748:Starfield.esm
Layer: 233FF7:Starfield.esm
Position: -90.5304, 84.64165, -20.584585
Rotation: 0.12472159, 0.044348717, 1.3664018
