MutagenObjectType: PlacedObject
FormKey: 000FD4:CoraCoeMultiversalBookHunter.esm
Base: 06F3A7:Starfield.esm
Layer: 233FF8:Starfield.esm
Position: -108.19789, 108.50307, -31.066643
Rotation: 6.1703763, 6.2482667, 3.1193953
