MutagenObjectType: PlacedObject
FormKey: 000FC2:CoraCoeMultiversalBookHunter.esm
Base: 06F3A5:Starfield.esm
Layer: 233FF8:Starfield.esm
Position: -127.66302, 112.46219, -29.917648
Rotation: -0.04991353, -0.19633318, 3.6274035
