MutagenObjectType: PlacedObject
FormKey: 000FEB:CoraCoeMultiversalBookHunter.esm
Base: 06F746:Starfield.esm
Layer: 233FF7:Starfield.esm
Position: -23.604189, 86.27714, 8.004012
Rotation: -2.94496, -1.5100465, 1.7599891
