MutagenObjectType: PlacedObject
FormKey: 000F3C:CoraCoeMultiversalBookHunter.esm
Base: 161B6C:Starfield.esm
Position: -122.31164, 122.924545, -30.49495
Rotation: 0.00039110426, 0.0693406, 2.7097683E-05
