MutagenObjectType: PlacedObject
FormKey: 000FDA:CoraCoeMultiversalBookHunter.esm
Base: 06F745:Starfield.esm
Layer: 233FF7:Starfield.esm
Position: -107.49705, 116.06555, -16.59522
Rotation: 2.400619, -0.25644708, 5.6350036
