MutagenObjectType: PlacedObject
FormKey: 000FCC:CoraCoeMultiversalBookHunter.esm
Base: 06F74E:Starfield.esm
Layer: 233FF7:Starfield.esm
Position: -51.13693, 91.16764, 1.0397259
Rotation: -2.850647, -0.22312954, 5.6122403
