MutagenObjectType: PlacedObject
FormKey: 000F2C:CoraCoeMultiversalBookHunter.esm
Base: 06F74D:Starfield.esm
Layer: 233FF7:Starfield.esm
Position: -131.97833, 123.95218, -30.373062
Rotation: -0.077153645, 0.09681085, 2.8030732
