MutagenObjectType: PlacedObject
FormKey: 000FB7:CoraCoeMultiversalBookHunter.esm
Base: 06F743:Starfield.esm
Layer: 233FF7:Starfield.esm
Position: -80.691376, 98.3656, -7.0728
Rotation: -0.24970584, -0.14363183, 0.24328475
