MutagenObjectType: PlacedObject
FormKey: 000FE6:CoraCoeMultiversalBookHunter.esm
Base: 1339B8:Starfield.esm
Layer: 233FF8:Starfield.esm
Scale: 0.45999998
Position: -24.229063, 84.53497, -0.37758958
Rotation: 0.38035035, 0.009667534, 0.38123167
