MutagenObjectType: PlacedObject
FormKey: 000F80:CoraCoeMultiversalBookHunter.esm
Base: 012368:Starfield.esm
Layer: 233FF8:Starfield.esm
Position: -29.880081, 93.18436, -2.9700904
Rotation: -0.11766405, -0.024525542, 4.712389
