MutagenObjectType: PlacedObject
FormKey: 000F65:CoraCoeMultiversalBookHunter.esm
Base: 06F74D:Starfield.esm
Layer: 233FF7:Starfield.esm
Position: -35.8919, 97.03352, -2.1987023
Rotation: -1.235458, -1.1042564, 1.5273745
