MutagenObjectType: PlacedObject
FormKey: 000F54:CoraCoeMultiversalBookHunter.esm
Base: 06F74B:Starfield.esm
Layer: 233FF7:Starfield.esm
Position: -76.97896, 81.90574, -17.990509
Rotation: 0.020794146, 0.121275045, 4.8357015
