MutagenObjectType: PlacedObject
FormKey: 000F5E:CoraCoeMultiversalBookHunter.esm
Base: 1339B5:Starfield.esm
Layer: 233FF8:Starfield.esm
Scale: 0.39999998
Position: -77.267654, 80.8351, -17.252783
Rotation: 0.03221129, 0.24735068, 2.622111
