MutagenObjectType: PlacedObject
FormKey: 000F76:CoraCoeMultiversalBookHunter.esm
Base: 06F749:Starfield.esm
Layer: 233FF7:Starfield.esm
Position: -84.23274, 69.37424, -1.0980674
Rotation: -3.0561254, -0.1063899, 3.0117502
