MutagenObjectType: PlacedObject
FormKey: 000F1B:CoraCoeMultiversalBookHunter.esm
Base: 06F742:Starfield.esm
Layer: 233FF7:Starfield.esm
Scale: 1.13
Position: -120.15366, 124.185875, -13.549395
Rotation: -2.2584364, 1.0461334, 5.7454214
