MutagenObjectType: PlacedObject
FormKey: 000F46:CoraCoeMultiversalBookHunter.esm
Base: 01D1FC:Starfield.esm
Layer: 233FF7:Starfield.esm
Scale: 0.64
Position: -20.911459, 94.6845, 0.33058316
Rotation: 0.37935886, -0.26947707, 0.57924926
