MutagenObjectType: PlacedObject
FormKey: 000F81:CoraCoeMultiversalBookHunter.esm
Base: 012368:Starfield.esm
Layer: 233FF8:Starfield.esm
Position: -30.026337, 89.312775, -2.875801
Rotation: 0.08305288, -0.0053923, 4.512686
