MutagenObjectType: PlacedObject
FormKey: 000FD9:CoraCoeMultiversalBookHunter.esm
Base: 06F745:Starfield.esm
Layer: 233FF7:Starfield.esm
Position: -106.99588, 111.14241, -18.086998
Rotation: 2.400619, -0.25644708, 5.6350036
