MutagenObjectType: PlacedObject
FormKey: 000F5F:CoraCoeMultiversalBookHunter.esm
Base: 24F0F6:Starfield.esm
Layer: 233FF8:Starfield.esm
Position: -78.82769, 83.52436, -17.226929
Rotation: 0.1953928, 0.08382198, 0.0049800663
