MutagenObjectType: PlacedObject
FormKey: 000F92:CoraCoeMultiversalBookHunter.esm
Base: 06F749:Starfield.esm
Layer: 233FF7:Starfield.esm
Scale: 1.09
Position: -42.10756, 90.06896, 4.353491
Rotation: -2.724583, -0.064855896, 2.8732092
