MutagenObjectType: PlacedObject
FormKey: 000F8A:CoraCoeMultiversalBookHunter.esm
Base: 06F743:Starfield.esm
Layer: 233FF7:Starfield.esm
Position: -101.91764, 88.7986, -9.487507
Rotation: 0.34952003, -0.11210907, 4.6013303
