MutagenObjectType: PlacedObject
FormKey: 000F1F:CoraCoeMultiversalBookHunter.esm
Base: 06F748:Starfield.esm
Layer: 233FF7:Starfield.esm
Position: -122.31464, 134.29121, -15.454684
Rotation: 2.966524, -0.06829786, 0.53326064
