MutagenObjectType: PlacedObject
FormKey: 000F7B:CoraCoeMultiversalBookHunter.esm
Base: 2C4F85:Starfield.esm
Layer: 233FF7:Starfield.esm
Scale: 1.09
Position: -124.51474, 106.63859, -28.964418
Rotation: 0.04938928, 0.14169356, 6.1990795
