MutagenObjectType: PlacedObject
FormKey: 000FF0:CoraCoeMultiversalBookHunter.esm
Base: 06F74F:Starfield.esm
Layer: 233FF7:Starfield.esm
Scale: 1.5799999
Position: -29.329409, 98.45569, -2.9636126
Rotation: -1.892732, 1.2434237, 4.2296
