MutagenObjectType: PlacedObject
FormKey: 000FD0:CoraCoeMultiversalBookHunter.esm
Base: 2C4F85:Starfield.esm
Layer: 233FF7:Starfield.esm
Scale: 1.3299999
Position: -111.42953, 124.199615, -26.012785
Rotation: -0.008525418, 0.0237236, 0.028995205
