MutagenObjectType: PlacedObject
FormKey: 000F71:CoraCoeMultiversalBookHunter.esm
Base: 06F74F:Starfield.esm
Layer: 233FF7:Starfield.esm
Scale: 1.5799999
Position: -28.60139, 95.53616, -5.073635
Rotation: -1.892732, 1.2434237, 4.2296
