MutagenObjectType: PlacedObject
FormKey: 000F51:CoraCoeMultiversalBookHunter.esm
Base: 2C4F85:Starfield.esm
Layer: 233FF7:Starfield.esm
Position: -77.92422, 67.47518, -17.856127
Rotation: 2.719521, -0.26417142, 0.15053146
