MutagenObjectType: PlacedObject
FormKey: 000FC7:CoraCoeMultiversalBookHunter.esm
Base: 06F749:Starfield.esm
Layer: 233FF7:Starfield.esm
Position: -121.36571, 88.59839, -33.149864
Rotation: -1.9399195, -1.3392769, 3.4653976
