MutagenObjectType: PlacedObject
FormKey: 000F96:CoraCoeMultiversalBookHunter.esm
Base: 2C4F85:Starfield.esm
Layer: 233FF7:Starfield.esm
Position: -72.54197, 100.80908, -10.569583
Rotation: -0.033598043, 0.13419172, 6.2458806
