MutagenObjectType: PlacedObject
FormKey: 000F50:CoraCoeMultiversalBookHunter.esm
Base: 2C4F85:Starfield.esm
Layer: 233FF7:Starfield.esm
Position: -84.356476, 66.54329, -15.24752
Rotation: 3.5617597, -0.13445632, 0.592059
