MutagenObjectType: PlacedObject
FormKey: 000FD5:CoraCoeMultiversalBookHunter.esm
Base: 224975:Starfield.esm
Layer: 233FF7:Starfield.esm
Scale: 1.2099999
Position: -108.28224, 111.94423, -31.016771
Rotation: -0.13378683, 0.077832945, 4.2555666
