MutagenObjectType: PlacedObject
FormKey: 000F2B:CoraCoeMultiversalBookHunter.esm
Base: 06F74B:Starfield.esm
Layer: 233FF7:Starfield.esm
Position: -121.64887, 110.41805, -31.932302
Rotation: -0.19054377, 0.1927223, 0.28293693
