MutagenObjectType: PlacedObject
FormKey: 000F5B:CoraCoeMultiversalBookHunter.esm
Base: 24F0F6:Starfield.esm
Layer: 233FF8:Starfield.esm
Position: -72.33827, 73.16916, -15.602472
Rotation: 0.051178694, 0.12784661, 2.3397162
