MutagenObjectType: PlacedObject
FormKey: 000F4A:CoraCoeMultiversalBookHunter.esm
Base: 012368:Starfield.esm
Layer: 233FF8:Starfield.esm
Position: -36.53693, 90.99822, -2.2091882
Rotation: 0.010899426, 0.03058277, 0.0003332958
