MutagenObjectType: PlacedObject
FormKey: 000FA5:CoraCoeMultiversalBookHunter.esm
Base: 2C4F85:Starfield.esm
Layer: 233FF7:Starfield.esm
Position: -118.36765, 84.73997, -21.280096
Rotation: -0.070250265, 0.00056949636, 3.2799075
