MutagenObjectType: PlacedObject
FormKey: 000FEE:CoraCoeMultiversalBookHunter.esm
Base: 06F750:Starfield.esm
Layer: 233FF7:Starfield.esm
Scale: 1.5799999
Position: -33.454082, 98.73022, 1.8715289
Rotation: -2.8301725, -0.023740843, 4.454429
