MutagenObjectType: PlacedObject
FormKey: 000F2A:CoraCoeMultiversalBookHunter.esm
Base: 07147B:Starfield.esm
Layer: 233FF7:Starfield.esm
Position: -125.17474, 109.107925, -25.154541
Rotation: 0.17084025, -0.078351945, 3.9750187
