MutagenObjectType: PlacedObject
FormKey: 000F85:CoraCoeMultiversalBookHunter.esm
Base: 290E3A:Starfield.esm
Layer: 233FF7:Starfield.esm
Position: -118.008026, 94.962006, -33.308426
Rotation: -0.63204795, -0.106181085, 5.2717657
