MutagenObjectType: PlacedObject
FormKey: 000FAE:CoraCoeMultiversalBookHunter.esm
Base: 012366:Starfield.esm
Layer: 233FF8:Starfield.esm
Position: -111.55456, 88.12945, -32.330704
Rotation: -0.004746152, 0.08872325, 3.1327648
