MutagenObjectType: PlacedObject
FormKey: 000F5C:CoraCoeMultiversalBookHunter.esm
Base: 1339B8:Starfield.esm
Layer: 233FF8:Starfield.esm
Scale: 0.39999998
Position: -82.0823, 69.92964, -17.117353
Rotation: 0, -0, 6.0331855
