MutagenObjectType: PlacedObject
FormKey: 000FFA:CoraCoeMultiversalBookHunter.esm
Base: 06F749:Starfield.esm
Layer: 233FF7:Starfield.esm
Scale: 1.13
Position: -85.28809, 77.6264, 0.60660195
Rotation: 0.021809595, 0.24644901, 2.9236841
