MutagenObjectType: PlacedObject
FormKey: 000F17:CoraCoeMultiversalBookHunter.esm
Base: 06F749:Starfield.esm
Layer: 233FF7:Starfield.esm
Position: -115.00308, 117.39237, -11.6118555
Rotation: -2.9256327, 0.86845124, 5.260774
