MutagenObjectType: PlacedObject
FormKey: 000FF9:CoraCoeMultiversalBookHunter.esm
Base: 06F749:Starfield.esm
Layer: 233FF7:Starfield.esm
Position: -127.64534, 116.149, -19.610989
Rotation: -2.4483728, 0.583367, 5.556138
