MutagenObjectType: PlacedObject
FormKey: 000F84:CoraCoeMultiversalBookHunter.esm
Base: 012366:Starfield.esm
Layer: 233FF8:Starfield.esm
Position: -25.82827, 94.55632, -3.1374116
Rotation: 0.17721257, 0.14513284, 5.912389
