MutagenObjectType: PlacedObject
FormKey: 000F16:CoraCoeMultiversalBookHunter.esm
Base: 2C5606:Starfield.esm
Layer: 1681B4:Starfield.esm
Position: -14.887321, 97.92725, -0.022239923
Rotation: 0, 0, 0.2617994
