MutagenObjectType: PlacedObject
FormKey: 000F8E:CoraCoeMultiversalBookHunter.esm
Base: 27D87E:Starfield.esm
Layer: 233FF7:Starfield.esm
Position: -55.784496, 91.43293, -12.282139
Rotation: 1.7046164, -0.043378495, 0.2993504
