MutagenObjectType: PlacedObject
FormKey: 000F9B:CoraCoeMultiversalBookHunter.esm
Base: 07147A:Starfield.esm
Layer: 233FF7:Starfield.esm
Position: -97.448006, 98.30434, -8.487646
Rotation: -0.20993455, -0.035137054, 3.2818115
