MutagenObjectType: PlacedObject
FormKey: 000FFB:CoraCoeMultiversalBookHunter.esm
Base: 06F749:Starfield.esm
Layer: 233FF7:Starfield.esm
Scale: 1.13
Position: -74.56372, 73.97209, 2.8268228
Rotation: -0.019694407, -0.2466235, 6.056609
