MutagenObjectType: PlacedObject
FormKey: 000F97:CoraCoeMultiversalBookHunter.esm
Base: 06F740:Starfield.esm
Layer: 233FF7:Starfield.esm
Scale: 1.24
Position: -59.44387, 85.24925, -4.5773873
Rotation: -0.041312005, -0.44637695, 2.7536552
