MutagenObjectType: PlacedObject
FormKey: 000F53:CoraCoeMultiversalBookHunter.esm
Base: 2C4F85:Starfield.esm
Layer: 233FF7:Starfield.esm
Scale: 1.13
Position: -89.27488, 72.606865, -4.337001
Rotation: 0.06105192, -0.05916763, 4.2658844
