MutagenObjectType: PlacedObject
FormKey: 000F6B:CoraCoeMultiversalBookHunter.esm
Base: 06F751:Starfield.esm
Layer: 233FF7:Starfield.esm
Position: -34.51889, 89.76392, -4.1143703
Rotation: -0.089385524, 0.16299956, 2.1961071
