MutagenObjectType: PlacedObject
FormKey: 000FB2:CoraCoeMultiversalBookHunter.esm
Base: 07147B:Starfield.esm
Layer: 233FF7:Starfield.esm
Position: -95.67191, 98.267845, -15.744781
Rotation: 0.059082333, -0.014077211, 0.4180602
