MutagenObjectType: PlacedObject
FormKey: 000F4E:CoraCoeMultiversalBookHunter.esm
Base: 2C4F85:Starfield.esm
Layer: 233FF7:Starfield.esm
Position: -90.44638, 74.22012, -15.143169
Rotation: 2.981732, -0.0001280549, 0.34418288
