MutagenObjectType: PlacedObject
FormKey: 000F1A:CoraCoeMultiversalBookHunter.esm
Base: 06F742:Starfield.esm
Layer: 233FF7:Starfield.esm
Position: -132.5, 122.4, -25.800001
Rotation: -0.17506793, 0.06829781, 4.7027273
