MutagenObjectType: PlacedObject
FormKey: 000F3F:CoraCoeMultiversalBookHunter.esm
Base: 161B6C:Starfield.esm
Position: -107.7294, 96.90258, -31.967438
Rotation: -0.014097923, 0.08381442, 5.849718
