MutagenObjectType: PlacedObject
FormKey: 000F79:CoraCoeMultiversalBookHunter.esm
Base: 06F749:Starfield.esm
Layer: 233FF7:Starfield.esm
Position: -124.231636, 92.472595, -30.886612
Rotation: 0, -0, 4.712389
