MutagenObjectType: PlacedObject
FormKey: 000F83:CoraCoeMultiversalBookHunter.esm
Base: 012366:Starfield.esm
Layer: 233FF8:Starfield.esm
Position: -31.918907, 93.890854, -2.7518578
Rotation: 0.020238277, -0.24300428, 6.228315
