MutagenObjectType: PlacedObject
FormKey: 000FF4:CoraCoeMultiversalBookHunter.esm
Base: 012366:Starfield.esm
Layer: 233FF8:Starfield.esm
Position: -65.37246, 89.36201, -12.660736
Rotation: 0.19411689, 0.10435931, 5.8349166
