MutagenObjectType: PlacedObject
FormKey: 000F2F:CoraCoeMultiversalBookHunter.esm
Base: 290E3A:Starfield.esm
Layer: 233FF7:Starfield.esm
Position: -129.71967, 117.74984, -30.797596
Rotation: -0.33499983, 0.57004344, 1.832827
