MutagenObjectType: PlacedObject
FormKey: 000FA2:CoraCoeMultiversalBookHunter.esm
Base: 06F748:Starfield.esm
Layer: 233FF7:Starfield.esm
Position: -120.29051, 97.02518, -18.477757
Rotation: 0.05664427, -0.16223542, 6.091447
