MutagenObjectType: PlacedObject
FormKey: 000FD4:CoraCoeMultiversalBookHunter.esm
Base: 06F3A7:Starfield.esm
Layer: 233FF8:Starfield.esm
Position: -112.19789, 113.50307, -31.066643
Rotation: -0.11282243, -0.03492311, 1.1134281
