MutagenObjectType: PlacedObject
FormKey: 000F24:CoraCoeMultiversalBookHunter.esm
Base: 2B3CB2:Starfield.esm
Layer: 06C746:Starfield.esm
Position: -14.383553, 99.034615, 0.77776027
Rotation: 0, 0, 0.2617994
