MutagenObjectType: PlacedObject
FormKey: 000FB4:CoraCoeMultiversalBookHunter.esm
Base: 06F743:Starfield.esm
Layer: 233FF7:Starfield.esm
Position: -79.07817, 98.279274, -18.30767
Rotation: 0.0014408211, 0.043178715, 3.2913187
