MutagenObjectType: PlacedObject
FormKey: 000F25:CoraCoeMultiversalBookHunter.esm
Base: 07147B:Starfield.esm
Layer: 233FF7:Starfield.esm
Position: -106.77213, 113.86839, -25.85062
Rotation: 0.00589893, -0.017097987, 0.4421841
