MutagenObjectType: PlacedObject
FormKey: 000FFF:CoraCoeMultiversalBookHunter.esm
Base: 2F063A:Starfield.esm
Layer: 233FF8:Starfield.esm
Position: -83.44578, 71.54367, -16.943846
Rotation: 0.14443119, -0.14859985, 4.9116616
