MutagenObjectType: PlacedObject
FormKey: 000FE2:CoraCoeMultiversalBookHunter.esm
Base: 06F746:Starfield.esm
Layer: 233FF7:Starfield.esm
Position: -20.365269, 84.66454, -0.63619566
Rotation: 0.37047172, -0.070780426, 1.8951848
