MutagenObjectType: PlacedObject
FormKey: 000F9A:CoraCoeMultiversalBookHunter.esm
Base: 06F743:Starfield.esm
Layer: 233FF7:Starfield.esm
Scale: 1.13
Position: -101.43184, 98.53047, -24.481358
Rotation: -0.19442363, -0.12070921, 5.9610868
