MutagenObjectType: PlacedObject
FormKey: 000F43:CoraCoeMultiversalBookHunter.esm
Base: 24F0F6:Starfield.esm
Layer: 233FF8:Starfield.esm
Position: -19.837591, 93.444016, -2.4253104
Rotation: -0.045435775, -0.058941435, 0.30224374
