MutagenObjectType: PlacedObject
FormKey: 000FD6:CoraCoeMultiversalBookHunter.esm
Base: 06F743:Starfield.esm
Layer: 233FF7:Starfield.esm
Position: -118.31399, 102.8721, -16.737825
Rotation: 0.61938304, -0.52037305, 0.94853485
