MutagenObjectType: PlacedObject
FormKey: 000F1D:CoraCoeMultiversalBookHunter.esm
Base: 06F746:Starfield.esm
Layer: 233FF7:Starfield.esm
Position: -118.66354, 128.2686, -18.205786
Rotation: 2.966524, -0.06829778, 5.5956507
