MutagenObjectType: PlacedObject
FormKey: 000FAD:CoraCoeMultiversalBookHunter.esm
Base: 07147A:Starfield.esm
Layer: 233FF7:Starfield.esm
Position: -105.848366, 90.111374, -9.115528
Rotation: 0.98490113, 0.47879636, 0.18626691
