MutagenObjectType: PlacedObject
FormKey: 000FF2:CoraCoeMultiversalBookHunter.esm
Base: 012368:Starfield.esm
Layer: 233FF8:Starfield.esm
Position: -55.839195, 90.743744, -11.2379465
Rotation: 0.21519108, 0.16401066, 5.2661567
