MutagenObjectType: PlacedObject
FormKey: 000FC4:CoraCoeMultiversalBookHunter.esm
Base: 224973:Starfield.esm
Layer: 233FF7:Starfield.esm
Scale: 1.2099999
Position: -107.6976, 103.872894, -31.43177
Rotation: -0.047576632, 0.105152085, 5.8864875
