MutagenObjectType: PlacedObject
FormKey: 000F78:CoraCoeMultiversalBookHunter.esm
Base: 013D95:Starfield.esm
Layer: 233FF8:Starfield.esm
Position: -79.46828, 88.24738, -16.758324
Rotation: 0.19887848, 0.31504264, 2.2033224
