MutagenObjectType: PlacedObject
FormKey: 000F57:CoraCoeMultiversalBookHunter.esm
Base: 2C4F85:Starfield.esm
Layer: 233FF7:Starfield.esm
Position: -75.185974, 74.84297, -21.868858
Rotation: 0.04910296, 0.12293548, 3.3684855
