MutagenObjectType: PlacedObject
FormKey: 001030:CoraCoeMultiversalBookHunter.esm
Base: 2F063A:Starfield.esm
Layer: 233FF8:Starfield.esm
Position: -122.54936, 121.360634, -30.50564
Rotation: -0.056852043, 0.06784901, 3.096177
