MutagenObjectType: PlacedObject
FormKey: 001042:CoraCoeMultiversalBookHunter.esm
Base: 2F063A:Starfield.esm
Layer: 233FF8:Starfield.esm
Position: -107.82573, 94.866684, -32.228374
Rotation: 0.040021997, -0.0032987436, 4.073222
