MutagenObjectType: PlacedObject
FormKey: 001049:CoraCoeMultiversalBookHunter.esm
Base: 12F2D7:Starfield.esm
Layer: 233FF8:Starfield.esm
Scale: 0.56
Position: -78.221886, 90.742676, -17.017614
Rotation: 0.06885255, 0.25407925, 3.417332
