MutagenObjectType: PlacedObject
FormKey: 001019:CoraCoeMultiversalBookHunter.esm
Base: 06F745:Starfield.esm
Layer: 233FF7:Starfield.esm
Position: -108.828415, 113.82463, -13.619806
Rotation: 2.400619, -0.25644708, 5.6350036
