MutagenObjectType: PlacedObject
FormKey: 001025:CoraCoeMultiversalBookHunter.esm
Base: 12F2DB:Starfield.esm
Layer: 233FF8:Starfield.esm
Position: -106.87392, 110.00995, -31.433165
Rotation: -0.005688035, 0.26419008, 6.031975
