MutagenObjectType: PlacedObject
FormKey: 00100C:CoraCoeMultiversalBookHunter.esm
Base: 2F063A:Starfield.esm
Layer: 233FF8:Starfield.esm
Position: -86.82066, 83.98001, -17.027672
Rotation: -0.0956905, -0.10681972, 0.010232847
