MutagenObjectType: PlacedObject
FormKey: 00103E:CoraCoeMultiversalBookHunter.esm
Base: 224973:Starfield.esm
Layer: 233FF7:Starfield.esm
Scale: 1.15
Position: -102.21776, 92.16248, -29.570936
Rotation: 0.07239886, 0.22894916, 0.5089605
