MutagenObjectType: PlacedObject
FormKey: 00103F:CoraCoeMultiversalBookHunter.esm
Base: 24F0F6:Starfield.esm
Layer: 233FF8:Starfield.esm
Position: -100.739075, 93.57371, -28.02299
Rotation: -0.182634, -0.34874457, 1.4845136
