MutagenObjectType: PlacedObject
FormKey: 001036:CoraCoeMultiversalBookHunter.esm
Base: 2F063A:Starfield.esm
Layer: 233FF8:Starfield.esm
Position: -119.153366, 114.32235, -31.45653
Rotation: 0.11312019, 0.098439336, 4.712389
