MutagenObjectType: PlacedObject
FormKey: 001039:CoraCoeMultiversalBookHunter.esm
Base: 012366:Starfield.esm
Layer: 233FF8:Starfield.esm
Position: -119.51222, 118.05469, -30.592535
Rotation: 0.049892955, 0.06979619, 6.2796884
