MutagenObjectType: PlacedObject
FormKey: 001054:CoraCoeMultiversalBookHunter.esm
Base: 224972:Starfield.esm
Layer: 233FF7:Starfield.esm
Scale: 1.17
Position: -78.4705, 91.64034, -16.186209
Rotation: -0.109704055, 0.29895696, 4.7210884
