MutagenObjectType: PlacedObject
FormKey: 001013:CoraCoeMultiversalBookHunter.esm
Base: 06F749:Starfield.esm
Layer: 233FF7:Starfield.esm
Scale: 1.1899999
Position: -89.6028, 89.33165, 1.2249634
Rotation: 1.4210944, 0.7764602, 0.597053
