MutagenObjectType: PlacedObject
FormKey: 001012:CoraCoeMultiversalBookHunter.esm
Base: 2F063A:Starfield.esm
Layer: 233FF8:Starfield.esm
Position: -88.15496, 74.99797, -17.01115
Rotation: -0.04016591, -0.20867823, 0.9083257
