MutagenObjectType: PlacedObject
FormKey: 001052:CoraCoeMultiversalBookHunter.esm
Base: 06F750:Starfield.esm
Layer: 233FF7:Starfield.esm
Scale: 1.11
Position: -30.450413, 92.54381, -4.0933566
Rotation: -2.9761972, 0.018568438, 4.311288
