MutagenObjectType: PlacedObject
FormKey: 00101B:CoraCoeMultiversalBookHunter.esm
Base: 06F749:Starfield.esm
Layer: 233FF7:Starfield.esm
Scale: 1.1899999
Position: -95.14523, 95.517525, 4.683875
Rotation: 1.3240187, 1.1201375, 0.4793673
