MutagenObjectType: PlacedObject
FormKey: 001043:CoraCoeMultiversalBookHunter.esm
Base: 2F063A:Starfield.esm
Layer: 233FF8:Starfield.esm
Position: -104.95119, 94.743904, -30.430689
Rotation: 0.028717661, 0.26533824, 3.4843082
