MutagenObjectType: PlacedObject
FormKey: 00104A:CoraCoeMultiversalBookHunter.esm
Base: 2F063A:Starfield.esm
Layer: 233FF8:Starfield.esm
Position: -83.31863, 87.05336, -17.60538
Rotation: 0.13880491, -0.06158065, 6.2719083
