MutagenObjectType: PlacedObject
FormKey: 001056:CoraCoeMultiversalBookHunter.esm
Base: 012366:Starfield.esm
Layer: 233FF8:Starfield.esm
Position: -65.88729, 94.74103, -12.622645
Rotation: -0.11780081, 0.08270943, 5.462389
