MutagenObjectType: PlacedObject
FormKey: 001022:CoraCoeMultiversalBookHunter.esm
Base: 224975:Starfield.esm
Layer: 233FF7:Starfield.esm
Scale: 1.2099999
Position: -101.48962, 106.47067, -28.65507
Rotation: 0.15564485, 0.39221796, 4.169936
