MutagenObjectType: PlacedObject
FormKey: 001023:CoraCoeMultiversalBookHunter.esm
Base: 1339B5:Starfield.esm
Layer: 233FF8:Starfield.esm
Position: -101.23377, 106.12918, -29.186949
Rotation: 0.10934893, 0.47334003, 5.905989
