MutagenObjectType: PlacedObject
FormKey: 001038:CoraCoeMultiversalBookHunter.esm
Base: 012366:Starfield.esm
Layer: 233FF8:Starfield.esm
Position: -117.91016, 116.138794, -30.926329
Rotation: -0.06807259, 0.0025470546, 3.9134574
