MutagenObjectType: PlacedObject
FormKey: 001067:CoraCoeMultiversalBookHunter.esm
Base: 246AF6:Starfield.esm
Layer: 2B3CB9:Starfield.esm
Position: -122.86014, 118.380035, -30.515083
Rotation: 0, -0, 5.5251856
