MutagenObjectType: PlacedObject
FormKey: 001039:CoraCoeMultiversalBookHunter.esm
Base: 012366:Starfield.esm
Layer: 233FF8:Starfield.esm
Position: -120.51222, 117.55469, -30.392534
Rotation: 0.049886744, 0.06981317, 1.1344633
