MutagenObjectType: PlacedObject
FormKey: 00100D:CoraCoeMultiversalBookHunter.esm
Base: 2F063A:Starfield.esm
Layer: 233FF8:Starfield.esm
Position: -86.69105, 88.123055, -18.888374
Rotation: 0.24035615, -0.012105577, 6.275422
