MutagenObjectType: PlacedObject
FormKey: 00104B:CoraCoeMultiversalBookHunter.esm
Base: 2C4F85:Starfield.esm
Layer: 233FF7:Starfield.esm
Position: -86.27052, 79.57908, -22.456127
Rotation: 0.0066592437, -0.095632635, 0.6460133
