MutagenObjectType: PlacedObject
FormKey: 001032:CoraCoeMultiversalBookHunter.esm
Base: 2F063A:Starfield.esm
Layer: 233FF8:Starfield.esm
Position: -130.13216, 125.381195, -29.174791
Rotation: -0.05625797, -0.13128424, 3.0775366
