MutagenObjectType: PlacedObject
FormKey: 001028:CoraCoeMultiversalBookHunter.esm
Base: 27D87E:Starfield.esm
Layer: 233FF7:Starfield.esm
Position: -109.74175, 104.168434, -32.973736
Rotation: -0.027283669, -1.1395661, 4.926158
