MutagenObjectType: PlacedObject
FormKey: 001044:CoraCoeMultiversalBookHunter.esm
Base: 2F063A:Starfield.esm
Layer: 233FF8:Starfield.esm
Position: -99.09826, 90.364204, -25.275764
Rotation: 0.035496496, -0.014915281, 0.7945183
