MutagenObjectType: PlacedObject
FormKey: 00100F:CoraCoeMultiversalBookHunter.esm
Base: 06F751:Starfield.esm
Layer: 233FF7:Starfield.esm
Position: -81.14458, 84.969666, -18.665565
Rotation: -3.056741, -0.015239737, 5.426172
