MutagenObjectType: PlacedObject
FormKey: 001034:CoraCoeMultiversalBookHunter.esm
Base: 2F063A:Starfield.esm
Layer: 233FF8:Starfield.esm
Position: -116.01363, 126.702736, -29.637054
Rotation: -0.13660704, 0.07774374, 5.0825214
