MutagenObjectType: PlacedObject
FormKey: 001037:CoraCoeMultiversalBookHunter.esm
Base: 012366:Starfield.esm
Layer: 233FF8:Starfield.esm
Position: -121.30729, 112.99852, -31.075243
Rotation: -0.045636915, 0.050590545, 4.712389
