MutagenObjectType: PlacedObject
FormKey: 001006:CoraCoeMultiversalBookHunter.esm
Base: 2C4F85:Starfield.esm
Layer: 233FF7:Starfield.esm
Position: -68.34779, 84.90298, -9.825405
Rotation: -3.002367, 0.0044551822, 1.5061057
