MutagenObjectType: PlacedObject
FormKey: 00102F:CoraCoeMultiversalBookHunter.esm
Base: 27D87E:Starfield.esm
Layer: 233FF7:Starfield.esm
Position: -114.5269, 118.5081, -32.890026
Rotation: -0.93608886, 0.22832303, 0.35614705
