MutagenObjectType: PlacedObject
FormKey: 00101D:CoraCoeMultiversalBookHunter.esm
Base: 06F748:Starfield.esm
Layer: 233FF7:Starfield.esm
Scale: 1.1899999
Position: -75.09845, 97.83019, -1.4334067
Rotation: -0.03359796, 0.1341919, 1.5458807
