MutagenObjectType: PlacedObject
FormKey: 001045:CoraCoeMultiversalBookHunter.esm
Base: 2F063A:Starfield.esm
Layer: 233FF8:Starfield.esm
Position: -92.37561, 95.436226, -23.23179
Rotation: -0.112823986, 0.28368616, 6.256923
