MutagenObjectType: PlacedObject
FormKey: 001046:CoraCoeMultiversalBookHunter.esm
Base: 290E3A:Starfield.esm
Layer: 233FF7:Starfield.esm
Position: -91.791046, 96.296585, -23.292694
Rotation: 0.059082486, -0.014077191, 3.3012464
