MutagenObjectType: PlacedObject
FormKey: 00104C:CoraCoeMultiversalBookHunter.esm
Base: 06F748:Starfield.esm
Layer: 233FF7:Starfield.esm
Position: -77.02074, 82.30239, -21.180464
Rotation: 0.00049116876, 0.17316638, 2.7331958
