MutagenObjectType: PlacedObject
FormKey: 00102A:CoraCoeMultiversalBookHunter.esm
Base: 06F751:Starfield.esm
Layer: 233FF7:Starfield.esm
Position: -116.65185, 101.7725, -33.10645
Rotation: -0.07961828, -0.18389861, 4.7356253
