MutagenObjectType: PlacedObject
FormKey: 001E1F:CoraCoeMultiversalBookHunter.esm
EditorID: BSRM_Tent01
Base: 339C94:Starfield.esm
Layer: 2B3CB6:Starfield.esm
Position: -127.10002, 121.19999, -26.900002
Rotation: 6.021386, 6.1610126, 3.316125
