MutagenObjectType: PlacedObject
FormKey: 001E22:CoraCoeMultiversalBookHunter.esm
EditorID: BSRM_Tent02
Base: 339C94:Starfield.esm
Layer: 2B3CB6:Starfield.esm
Position: -124.70001, 123.000015, -26.700005
Rotation: 6.1086526, 0, 3.665191
