MutagenObjectType: PlacedObject
FormKey: 0010E9:CoraCoeMultiversalBookHunter.esm
Base: 0216FF:Starfield.esm
SourcePackIn: 02689C:Starfield.esm
Scale: 0.88
Position: 16.189674, 42.73313, 26.950663
Rotation: 0.12030718, -1.2159035, 0.33525833
