MutagenObjectType: PlacedObject
FormKey: 0010E2:CoraCoeMultiversalBookHunter.esm
Base: 00B40F:Starfield.esm
Position: 16.752779, 71.09728, 35.20905
Rotation: 0.2891326, 0.1735663, 1.0337563
