MutagenObjectType: PlacedObject
FormKey: 0010B8:CoraCoeMultiversalBookHunter.esm
Base: 00B423:Starfield.esm
SourcePackIn: 1A310C:Starfield.esm
Scale: 1.2099999
Position: 55.242783, 55.484062, 20.72859
Rotation: 2.6601777, -1.3225876, 2.3363655
