MutagenObjectType: PlacedObject
FormKey: 0010CD:CoraCoeMultiversalBookHunter.esm
Base: 029AF5:Starfield.esm
SourcePackIn: 1A30EF:Starfield.esm
Scale: 0.65
Position: 47.916523, 86.302025, 21.057972
Rotation: 0.4292407, 0.07323393, 2.7968407
