MutagenObjectType: PlacedObject
FormKey: 0010FD:CoraCoeMultiversalBookHunter.esm
Base: 00B40F:Starfield.esm
Position: 40.47327, 59.860306, 13.895853
Rotation: -3.1223667, 0.00011903412, 3.2438083
