MutagenObjectType: PlacedObject
FormKey: 0010A9:CoraCoeMultiversalBookHunter.esm
Base: 23CF65:Starfield.esm
SourcePackIn: 093DDF:Starfield.esm
Position: 70.42225, 52.48272, 23.99347
Rotation: -0.09770072, 0.043018196, 4.7659626
