MutagenObjectType: PlacedObject
FormKey: 0010BC:CoraCoeMultiversalBookHunter.esm
Base: 0216FF:Starfield.esm
SourcePackIn: 1A30F4:Starfield.esm
Scale: 0.87
Position: 33.776615, 48.33527, 22.476833
Rotation: -0.08255978, 0.25079998, 2.3237584
