MutagenObjectType: PlacedObject
FormKey: 0010D8:CoraCoeMultiversalBookHunter.esm
Base: 01D1FC:Starfield.esm
Scale: 0.91999996
Position: 10.391137, 63.29246, 32.048122
Rotation: -2.6497333, -0.074765444, 2.8375938
