MutagenObjectType: PlacedObject
FormKey: 0010B0:CoraCoeMultiversalBookHunter.esm
Base: 23CF65:Starfield.esm
SourcePackIn: 093DDF:Starfield.esm
Position: 91.490974, 42.98026, 27.803406
Rotation: -0.26446334, 0.12555957, 4.290463
