MutagenObjectType: PlacedObject
FormKey: 0010FB:CoraCoeMultiversalBookHunter.esm
Base: 00B412:Starfield.esm
Position: 25.168732, 82.635414, 20.123142
Rotation: -1.6874666, 0.51776177, 3.0288358
