MutagenObjectType: PlacedObject
FormKey: 0010C3:CoraCoeMultiversalBookHunter.esm
Base: 02EC5F:Starfield.esm
SourcePackIn: 1A307E:Starfield.esm
Scale: 0.71
Position: 32.141335, 62.213093, 18.394548
Rotation: 0.7512877, 0.15037057, 2.5378003
