MutagenObjectType: PlacedObject
FormKey: 0010EA:CoraCoeMultiversalBookHunter.esm
Base: 021706:Starfield.esm
SourcePackIn: 02689C:Starfield.esm
Scale: 0.91999996
Position: 8.377699, 52.471577, 24.62279
Rotation: 0.35659373, -0.079081684, 1.4469832
