MutagenObjectType: PlacedObject
FormKey: 0010DF:CoraCoeMultiversalBookHunter.esm
Base: 00B40F:Starfield.esm
Position: 17.918182, 40.99146, 27.850504
Rotation: 0.12728484, 0.22108345, 0.9575315
