MutagenObjectType: PlacedObject
FormKey: 0010DE:CoraCoeMultiversalBookHunter.esm
Base: 00B412:Starfield.esm
Position: 3.7062724, 69.45158, 30.38503
Rotation: -1.571312, 0.39145383, 2.7422953
