MutagenObjectType: PlacedObject
FormKey: 0010D6:CoraCoeMultiversalBookHunter.esm
Base: 01D2B6:Starfield.esm
Scale: 1.5799999
Position: 16.876314, 72.619606, 33.086285
Rotation: -2.9947033, -0.062172387, 3.8918085
