MutagenObjectType: PlacedObject
FormKey: 0010C5:CoraCoeMultiversalBookHunter.esm
Base: 0216FF:Starfield.esm
SourcePackIn: 1A307E:Starfield.esm
Scale: 0.79999995
Position: 31.412788, 62.63275, 18.963705
Rotation: -0.17331585, 0.3957874, 5.414068
