MutagenObjectType: PlacedObject
FormKey: 0010B7:CoraCoeMultiversalBookHunter.esm
Base: 1A31C1:Starfield.esm
SourcePackIn: 1A310C:Starfield.esm
Scale: 0.71999997
Position: 50.693336, 51.667942, 20.755962
Rotation: -0, -0, 3.5002062
