MutagenObjectType: PlacedObject
FormKey: 0010DB:CoraCoeMultiversalBookHunter.esm
Base: 00B414:Starfield.esm
Position: 11.892866, 91.3075, 19.64363
Rotation: -2.914564, -0.10269624, 5.852813
