MutagenObjectType: PlacedObject
FormKey: 0010D5:CoraCoeMultiversalBookHunter.esm
Base: 01D2B6:Starfield.esm
Scale: 1.23
Position: 6.574928, 64.56882, 31.456913
Rotation: -2.9947028, -0.06217195, 1.4586241
