MutagenObjectType: PlacedObject
FormKey: 0010AD:CoraCoeMultiversalBookHunter.esm
Base: 23CF65:Starfield.esm
SourcePackIn: 093DDF:Starfield.esm
Position: 41.500515, 49.980507, 23.289612
Rotation: -0.44325122, 0.09787326, 0.69577235
