MutagenObjectType: PlacedObject
FormKey: 0010D0:CoraCoeMultiversalBookHunter.esm
Base: 00B423:Starfield.esm
SourcePackIn: 1A3088:Starfield.esm
Scale: 1.13
Position: 45.679306, 82.70889, 22.270277
Rotation: 2.2133734, 0.17998107, 6.185008
