MutagenObjectType: PlacedObject
FormKey: 0010AB:CoraCoeMultiversalBookHunter.esm
Base: 23CF65:Starfield.esm
SourcePackIn: 093DDF:Starfield.esm
Position: 41.19624, 42.295, 25.828674
Rotation: 0.26590195, -0.36519745, 2.0786378
