MutagenObjectType: PlacedObject
FormKey: 0010E0:CoraCoeMultiversalBookHunter.esm
Base: 01D2B6:Starfield.esm
Scale: 1.26
Position: 1.699473, 70.125694, 27.132051
Rotation: 3.109439, -0.07201501, 1.7913197
