MutagenObjectType: PlacedObject
FormKey: 0010DA:CoraCoeMultiversalBookHunter.esm
Base: 00B414:Starfield.esm
Scale: 0.82
Position: 3.434012, 89.51054, 23.530388
Rotation: -2.6560585, -0.058424316, 2.4414048
