MutagenObjectType: PlacedObject
FormKey: 0010FE:CoraCoeMultiversalBookHunter.esm
Base: 00B40F:Starfield.esm
Position: 40.1355, 71.82379, 17.08032
Rotation: -0.09290401, -0.18139865, 2.959604
