MutagenObjectType: PlacedObject
FormKey: 0010A7:CoraCoeMultiversalBookHunter.esm
Base: 23CF65:Starfield.esm
SourcePackIn: 093DDF:Starfield.esm
Position: 67.864555, 50.772972, 24.229187
Rotation: -0.15509519, 0.28388023, 0.92449856
