MutagenObjectType: PlacedObject
FormKey: 0010A8:CoraCoeMultiversalBookHunter.esm
Base: 23CF65:Starfield.esm
SourcePackIn: 093DDF:Starfield.esm
Position: 90.05812, 50.376587, 24.931885
Rotation: 0.38811886, -0.25446567, 6.0834
