MutagenObjectType: PlacedObject
FormKey: 0010B3:CoraCoeMultiversalBookHunter.esm
Base: 23CF65:Starfield.esm
SourcePackIn: 093DDF:Starfield.esm
Position: 53.246975, 78.009544, 22.413513
Rotation: 0.0024798703, 0.2065329, 3.2416835
