MutagenObjectType: PlacedObject
FormKey: 001147:CoraCoeMultiversalBookHunter.esm
Base: 00B42C:Starfield.esm
SourcePackIn: 0743E9:Starfield.esm
Scale: 0.89
Position: 30.017197, 20.238243, 33.082386
Rotation: 0.7453506, -0.18276118, 4.666724
