MutagenObjectType: PlacedObject
FormKey: 001116:CoraCoeMultiversalBookHunter.esm
XALG: 0x0400000000000000
Base: 028D6C:Starfield.esm
Position: 25.755165, 74.650536, 16.741232
Rotation: 0.013595553, 0.013594287, 2.618086
