MutagenObjectType: PlacedObject
FormKey: 001127:CoraCoeMultiversalBookHunter.esm
Base: 028D63:Starfield.esm
SourcePackIn: 0743E9:Starfield.esm
Scale: 0.89
Position: 82.561775, 80.34167, 13.416291
Rotation: -0.15342961, -0.03995399, 1.8919241
