MutagenObjectType: PlacedObject
FormKey: 001142:CoraCoeMultiversalBookHunter.esm
Base: 00B423:Starfield.esm
SourcePackIn: 1A310C:Starfield.esm
Scale: 1.1999999
Position: 47.267384, 42.258198, 26.420614
Rotation: -1.6883391, 0.94408953, 6.014589
