MutagenObjectType: PlacedObject
FormKey: 001117:CoraCoeMultiversalBookHunter.esm
XALG: 0x0400000000000000
Base: 021239:Starfield.esm
Position: 23.723593, 64.64646, 19.497322
Rotation: 0.16898616, -0.064326145, 2.3756678
