MutagenObjectType: PlacedObject
FormKey: 00114A:CoraCoeMultiversalBookHunter.esm
Base: 00B424:Starfield.esm
SourcePackIn: 1A3100:Starfield.esm
Scale: 0.89
Position: 15.485973, 28.676203, 29.841118
Rotation: -0.15299495, -0.10370166, 0.16543008
