MutagenObjectType: PlacedObject
FormKey: 001136:CoraCoeMultiversalBookHunter.esm
Base: 02EC6D:Starfield.esm
Scale: 1.0699999
Position: 92.68684, 64.251305, 16.348305
Rotation: 0.14303288, -0.07149783, 3.9436753
