MutagenObjectType: PlacedObject
FormKey: 001121:CoraCoeMultiversalBookHunter.esm
Base: 0216FF:Starfield.esm
SourcePackIn: 01EC07:Starfield.esm
Scale: 1.01
Position: 81.39523, 47.999607, 25.713669
Rotation: 0.35108826, 0.109634705, 5.1518183
