MutagenObjectType: PlacedObject
FormKey: 001107:CoraCoeMultiversalBookHunter.esm
XALG: 0x0400000000000000
Base: 01D2B6:Starfield.esm
Position: 28.579813, 44.49538, 24.167946
Rotation: -3.140962, 0.074365094, 4.2577286
