MutagenObjectType: PlacedObject
FormKey: 001126:CoraCoeMultiversalBookHunter.esm
Base: 00B424:Starfield.esm
SourcePackIn: 0743E9:Starfield.esm
Scale: 0.89
Position: 81.62588, 82.14529, 15.007537
Rotation: -0.84629655, -0.09113215, 1.2043123
