MutagenObjectType: PlacedObject
FormKey: 00111B:CoraCoeMultiversalBookHunter.esm
XALG: 0x0400000000000000
Base: 021239:Starfield.esm
Position: 6.5, 63.5, 19
Rotation: 0.03180094, -0.1438743, 0.7880402
