MutagenObjectType: PlacedObject
FormKey: 00111E:CoraCoeMultiversalBookHunter.esm
Base: 00B42C:Starfield.esm
SourcePackIn: 01EC07:Starfield.esm
Position: 79.564285, 48.996986, 25.365412
Rotation: 0.2849972, 0.08414625, 3.2374163
