MutagenObjectType: PlacedObject
FormKey: 00113D:CoraCoeMultiversalBookHunter.esm
Base: 01D20A:Starfield.esm
SourcePackIn: 02B141:Starfield.esm
Scale: 0.89
Position: 84.4251, 46.86477, 26.45737
Rotation: 0.4572267, 0.053781636, 5.3224106
