MutagenObjectType: PlacedObject
FormKey: 001130:CoraCoeMultiversalBookHunter.esm
Base: 021239:Starfield.esm
Scale: 1.3299999
Position: 55.47532, 49.745434, 22.069162
Rotation: -3.0456426, -0.052350704, 3.4220643
