MutagenObjectType: PlacedObject
FormKey: 001141:CoraCoeMultiversalBookHunter.esm
Base: 1A31C1:Starfield.esm
SourcePackIn: 1A310C:Starfield.esm
Scale: 0.71
Position: 50.936935, 42.93636, 25.839674
Rotation: 0.38924238, 0.10800015, 6.2215953
