MutagenObjectType: PlacedObject
FormKey: 001119:CoraCoeMultiversalBookHunter.esm
XALG: 0x0400000000000000
Base: 00B40F:Starfield.esm
Position: 25.68613, 45.676632, 23.215532
Rotation: 0.2735824, 0.038181, 0.81338817
