MutagenObjectType: PlacedObject
FormKey: 00113A:CoraCoeMultiversalBookHunter.esm
Base: 0216FF:Starfield.esm
SourcePackIn: 01EC6A:Starfield.esm
Scale: 1.02
Position: 93.47015, 53.580265, 22.75756
Rotation: 0.38927588, -0.094584905, 3.0519502
