MutagenObjectType: PlacedObject
FormKey: 00113E:CoraCoeMultiversalBookHunter.esm
Base: 1A31C6:Starfield.esm
SourcePackIn: 1A310F:Starfield.esm
Scale: 0.95
Position: 37.305935, 41.11427, 26.149477
Rotation: 0.58279073, -0.036674548, 5.6321855
