MutagenObjectType: PlacedObject
FormKey: 001125:CoraCoeMultiversalBookHunter.esm
Base: 01D20A:Starfield.esm
SourcePackIn: 02B141:Starfield.esm
Scale: 0.89
Position: 77.55768, 70.16352, 15.223325
Rotation: 0.3510841, 0.05224795, 3.1527545
