MutagenObjectType: PlacedObject
FormKey: 001139:CoraCoeMultiversalBookHunter.esm
Base: 01D20B:Starfield.esm
SourcePackIn: 01EC6A:Starfield.esm
Scale: 1.28
Position: 92.94287, 49.82321, 24.031893
Rotation: 0.6042751, -0.07518286, 1.972009
