MutagenObjectType: PlacedObject
FormKey: 000EA6:CoraCoeMultiversalBookHunter.esm
Base: 3A5AE2:Starfield.esm
Position: -109.85217, 109.43576, -31.17254
Rotation: -0.057626944, 0.1658376, 1.5802466
