MutagenObjectType: PlacedObject
FormKey: 000EFD:CoraCoeMultiversalBookHunter.esm
Base: 07147A:Starfield.esm
Layer: 233FF7:Starfield.esm
Position: -101.154625, 108.50286, -27.000029
Rotation: -0.17506751, 0.068297796, 1.237535
