MutagenObjectType: PlacedObject
FormKey: 000E54:CoraCoeMultiversalBookHunter.esm
Base: 2F063A:Starfield.esm
Layer: 233FF8:Starfield.esm
Position: -72.9976, 79.12049, -16.393448
Rotation: 0.058802918, 0.1596647, 4.3114405
