MutagenObjectType: PlacedObject
FormKey: 000EA9:CoraCoeMultiversalBookHunter.esm
Base: 222F81:Starfield.esm
Position: -27.786985, 88.98073, -2.5889404
Rotation: 0.45555356, -0.045693535, 4.6943893
