MutagenObjectType: PlacedObject
FormKey: 000EFB:CoraCoeMultiversalBookHunter.esm
Base: 06F751:Starfield.esm
Layer: 233FF7:Starfield.esm
Position: -50.857582, 89.31412, -8.813467
Rotation: 0.2617994, -0, 3.4033923
