MutagenObjectType: PlacedObject
FormKey: 000ED8:CoraCoeMultiversalBookHunter.esm
Base: 06F3A9:Starfield.esm
Layer: 233FF8:Starfield.esm
Position: -117.34162, 96.13266, -31.701984
Rotation: 0.0070515573, -0.24414131, 3.0407858
