MutagenObjectType: PlacedObject
FormKey: 000E5B:CoraCoeMultiversalBookHunter.esm
Base: 021706:Starfield.esm
Scale: 1.42
Position: -9.810075, 94.802376, 1.7761903
Rotation: -0.033008676, -0.08409517, 4.0604434
