MutagenObjectType: PlacedObject
FormKey: 000E69:CoraCoeMultiversalBookHunter.esm
Base: 01D20B:Starfield.esm
Scale: 1.42
Position: -8.139761, 97.584816, 1.6814923
Rotation: -2.9976048, 0.07308093, 4.7643905
