MutagenObjectType: PlacedObject
FormKey: 000EDC:CoraCoeMultiversalBookHunter.esm
Base: 2F063A:Starfield.esm
Layer: 233FF8:Starfield.esm
Position: -114.638504, 98.59767, -31.997364
Rotation: -0.19294827, -0.2441413, 3.0407858
