MutagenObjectType: PlacedObject
FormKey: 000EEA:CoraCoeMultiversalBookHunter.esm
Base: 06F3A7:Starfield.esm
Layer: 233FF8:Starfield.esm
Position: -94.57829, 94.113525, -24.016973
Rotation: -0.17553449, 0.32408795, 6.021378
