MutagenObjectType: PlacedObject
FormKey: 000E94:CoraCoeMultiversalBookHunter.esm
Base: 3BE64A:Starfield.esm
Position: -109.87659, 94.56249, -32.063095
Rotation: -0.005063379, 0.09723077, 6.282694
