MutagenObjectType: PlacedObject
FormKey: 000E61:CoraCoeMultiversalBookHunter.esm
Base: 028D80:Starfield.esm
Position: -17.698767, 91.519714, -3.1866736
Rotation: -0.059955325, 0.019434575, 1.3458277
