MutagenObjectType: PlacedObject
FormKey: 000E98:CoraCoeMultiversalBookHunter.esm
Base: 222F81:Starfield.esm
Position: -120.89122, 109.238045, -31.11814
Rotation: -0.069073334, -0.4046393, 2.2922297
