MutagenObjectType: PlacedObject
FormKey: 000E67:CoraCoeMultiversalBookHunter.esm
Base: 028D80:Starfield.esm
Scale: 1.31
Position: -14.271183, 91.17477, -3.4539866
Rotation: 3.0703793, 0.02053658, 1.3626093
