MutagenObjectType: PlacedObject
FormKey: 000EF6:CoraCoeMultiversalBookHunter.esm
Base: 012368:Starfield.esm
Layer: 233FF8:Starfield.esm
Position: -90.657814, 93.441216, -22.338366
Rotation: 0.13010994, 0.3506429, 5.4281006
