MutagenObjectType: PlacedObject
FormKey: 000EF5:CoraCoeMultiversalBookHunter.esm
Base: 012368:Starfield.esm
Layer: 233FF8:Starfield.esm
Position: -92.46703, 90.50959, -22.50361
Rotation: 0.32806054, 0.44537678, 0.14557312
