MutagenObjectType: PlacedObject
FormKey: 000EEB:CoraCoeMultiversalBookHunter.esm
Base: 06F3A7:Starfield.esm
Layer: 233FF8:Starfield.esm
Position: -96.30123, 89.830475, -24.524307
Rotation: 0.16271587, 0.36728245, 3.3920631
