MutagenObjectType: PlacedObject
FormKey: 000EE9:CoraCoeMultiversalBookHunter.esm
Base: 06F3A7:Starfield.esm
Layer: 233FF8:Starfield.esm
Position: -107.952324, 106.54033, -31.312038
Rotation: -0.22898433, 0.13426971, 2.498245
