MutagenObjectType: PlacedObject
FormKey: 000EE7:CoraCoeMultiversalBookHunter.esm
MajorRecordFlagsRaw: 256
StarfieldMajorRecordFlags:
- 0x100
Base: 0047DB:Starfield.esm
Radius: 12.98427
Lighting:
  Fov90PlusMinus: -47.30449
  Fade1PlusMinus: 0.020540701
  EndDistanceCap: 21.440144
  ShadowDepthBias: 2.0149999
  Unknown1: 2880154539
  Unknown2: 2880154368
LightBarndoorData:
  Data: 0x00000000000000000000000000000000000000000000ABAB
LightArea:
  Data: 0x98990140686688400000000000000000
LightStaticShadowMap: False
LightVolumetricData: 4
LightColors:
- UnknownColor: '#0116FD'
  Unknown: -6076575255718002688
Layer: 1E9BFB:Starfield.esm
LightRoundedness:
  Data: 0x0000000000000000000000000000000001ABABAB
Position: -129.9623, 113.994255, -25.745098
Rotation: 1.5707965, 0.569134, 6.2204947
