MutagenObjectType: PlacedObject
FormKey: 000E60:CoraCoeMultiversalBookHunter.esm
Base: 01D20B:Starfield.esm
Scale: 1.42
Position: -11.202903, 99.39806, 1.5911946
Rotation: 0.06982185, -0.09993847, 0.028625833
