MutagenObjectType: PlacedObject
FormKey: 000EA8:CoraCoeMultiversalBookHunter.esm
Base: 3BE64A:Starfield.esm
Position: -27.80746, 89.24223, -2.7405467
Rotation: 0.2661595, 0.093828745, 0.02553726
