MutagenObjectType: PlacedObject
FormKey: 000E6A:CoraCoeMultiversalBookHunter.esm
Base: 029AF5:Starfield.esm
Position: -17.72021, 89.14868, -2.6470027
Rotation: 0.26046923, -0.043210074, 3.3516586
