MutagenObjectType: PlacedObject
FormKey: 000E65:CoraCoeMultiversalBookHunter.esm
Base: 021706:Starfield.esm
Position: -17.940239, 84.82134, -2.6266208
Rotation: 0.10100512, -0.11915648, 1.3499831
