MutagenObjectType: PlacedObject
FormKey: 000E96:CoraCoeMultiversalBookHunter.esm
Base: 3BE64A:Starfield.esm
Position: -116.161316, 96.59951, -31.723919
Rotation: -0.12330392, -0.33186844, 0.040355947
