MutagenObjectType: PlacedObject
FormKey: 000E81:CoraCoeMultiversalBookHunter.esm
Base: 2312B6:Starfield.esm
Position: -117.65725, 107.36274, -31.690437
Rotation: 0, -0, 5.9521856
