MutagenObjectType: PlacedObject
FormKey: 000EF3:CoraCoeMultiversalBookHunter.esm
Base: 012368:Starfield.esm
Layer: 233FF8:Starfield.esm
Position: -106.753265, 89.4445, -30.436699
Rotation: -0.113838665, 0.3459692, 1.2612494
