MutagenObjectType: PlacedObject
FormKey: 000EF2:CoraCoeMultiversalBookHunter.esm
Base: 012368:Starfield.esm
Layer: 233FF8:Starfield.esm
Position: -101.332375, 94.978966, -27.858358
Rotation: -0.028000094, 0.11019799, 2.9061892
