MutagenObjectType: PlacedObject
FormKey: 000E95:CoraCoeMultiversalBookHunter.esm
Base: 3BE64A:Starfield.esm
Position: -120.54851, 123.87051, -30.080776
Rotation: -0.10782133, -0.15834327, 6.2723894
