MutagenObjectType: PlacedObject
FormKey: 000E9E:CoraCoeMultiversalBookHunter.esm
Base: 222F81:Starfield.esm
Position: -77.75787, 83.136116, -16.600454
Rotation: 0.09099202, 0.49579355, 4.002962
