MutagenObjectType: PlacedObject
FormKey: 000EEF:CoraCoeMultiversalBookHunter.esm
Base: 012366:Starfield.esm
Layer: 233FF8:Starfield.esm
Position: -113.57388, 89.676125, -32.018955
Rotation: 0.280817, -0.08844655, 2.2651806
