MutagenObjectType: PlacedObject
FormKey: 000E55:CoraCoeMultiversalBookHunter.esm
Base: 012366:Starfield.esm
Layer: 233FF8:Starfield.esm
Position: -60.296436, 89.77598, -11.411104
Rotation: 0.2719889, 0.22914171, 3.8590639
