MutagenObjectType: PlacedObject
FormKey: 000EDB:CoraCoeMultiversalBookHunter.esm
Base: 02EE4B:Starfield.esm
Layer: 233FF8:Starfield.esm
Position: -113.36975, 97.83923, -31.833704
Rotation: -0.19386548, -0.06711913, 4.712389
