MutagenObjectType: PlacedObject
FormKey: 000E56:CoraCoeMultiversalBookHunter.esm
Base: 2F063A:Starfield.esm
Layer: 233FF8:Starfield.esm
Position: -118.56779, 93.48044, -32.137695
Rotation: -0.079625264, -0.041644733, 5.564791
