MutagenObjectType: PlacedObject
FormKey: 000EF7:CoraCoeMultiversalBookHunter.esm
Base: 012368:Starfield.esm
Layer: 233FF8:Starfield.esm
Position: -53.120796, 93.73938, -10.5297785
Rotation: -0.2668644, 0.18105546, 5.8648977
