MutagenObjectType: PlacedObject
FormKey: 000E5A:CoraCoeMultiversalBookHunter.esm
Base: 028D65:Starfield.esm
Scale: 1.0699999
Position: -14.4663105, 91.23739, 1.2334676
Rotation: 3.0333712, 0.0017204249, 2.9152968
