MutagenObjectType: PlacedObject
FormKey: 000E57:CoraCoeMultiversalBookHunter.esm
Base: 2F063A:Starfield.esm
Layer: 233FF8:Starfield.esm
Position: -121.40781, 129.0225, -29.363707
Rotation: -0.30642602, -0.115724, 3.744013
