MutagenObjectType: PlacedObject
FormKey: 000E6F:CoraCoeMultiversalBookHunter.esm
Base: 028D63:Starfield.esm
Scale: 1.0699999
Position: -14.799172, 94.45671, 0.7349782
Rotation: -3.1090226, 0.12285344, 2.8248549
