MutagenObjectType: PlacedObject
FormKey: 000EA5:CoraCoeMultiversalBookHunter.esm
Base: 3A5AE2:Starfield.esm
Position: -126.30176, 124.67266, -29.969303
Rotation: -0.14948894, -0.008388294, 0.5742037
