MutagenObjectType: PlacedObject
FormKey: 000EE0:CoraCoeMultiversalBookHunter.esm
MajorRecordFlagsRaw: 256
StarfieldMajorRecordFlags:
- 0x100
Base: 0047DB:Starfield.esm
Radius: 22.98065
Lighting:
  Fov90PlusMinus: -17.64067
  Fade1PlusMinus: 0.011154495
  EndDistanceCap: 21.440144
  ShadowDepthBias: 0.87250006
  Unknown1: 2880154539
  Unknown2: 2880154368
LightBarndoorData:
  Data: 0x00000000000000000000000000000000000000000000ABAB
LightArea:
  Data: 0x98990140686688400000000000000000
LightStaticShadowMap: False
LightVolumetricData: 5
LightColors:
- UnknownColor: '#0116FD'
  Unknown: -6076575255718002688
Layer: 1E9BFB:Starfield.esm
LightRoundedness:
  Data: 0x0000000000000000000000000000000001ABABAB
Position: -87.9918, 74.34112, -12.863921
Rotation: 1.5707965, 0.222762, 0.06851832
