MutagenObjectType: PlacedObject
FormKey: 000ED2:CoraCoeMultiversalBookHunter.esm
Base: 2F063A:Starfield.esm
Layer: 233FF8:Starfield.esm
Position: -109.460464, 91.53493, -32.687298
Rotation: 0.280817, -0.08844655, 2.2651806
