MutagenObjectType: PlacedObject
FormKey: 000E52:CoraCoeMultiversalBookHunter.esm
Base: 169F5D:Starfield.esm
Position: -40.365173, 94.112854, -3.1035476
Rotation: -0, 0, 3.1415927
