MutagenObjectType: PlacedObject
FormKey: 000E7A:CoraCoeMultiversalBookHunter.esm
Base: 24F0F6:Starfield.esm
Layer: 233FF8:Starfield.esm
Position: -79.271996, 88.517685, -17.050457
Rotation: -0.06741346, 0.028544806, 2.1141279
