MutagenObjectType: PlacedObject
FormKey: 000ED3:CoraCoeMultiversalBookHunter.esm
Base: 06F751:Starfield.esm
Layer: 233FF7:Starfield.esm
Position: -115.60084, 95.460014, -34.224037
Rotation: 0.024216406, -0.13942876, 3.8519847
