MutagenObjectType: PlacedObject
FormKey: 000EA7:CoraCoeMultiversalBookHunter.esm
Base: 3BE64A:Starfield.esm
Position: -102.472855, 95.440216, -27.544178
Rotation: -0.005063375, 0.097230814, 1.3195083
