MutagenObjectType: PlacedObject
FormKey: 000E9D:CoraCoeMultiversalBookHunter.esm
Base: 222F81:Starfield.esm
Position: -84.08294, 88.48504, -17.536875
Rotation: 0.31470993, -0.13592759, 0.81920314
