MutagenObjectType: PlacedObject
FormKey: 000EA3:CoraCoeMultiversalBookHunter.esm
Base: 3A5AE2:Starfield.esm
Position: -125.11658, 118.2947, -30.49783
Rotation: -0.0017330177, -0.089983374, 1.590078
