MutagenObjectType: PlacedObject
FormKey: 000EED:CoraCoeMultiversalBookHunter.esm
Base: 27D87E:Starfield.esm
Layer: 233FF7:Starfield.esm
Scale: 1.13
Position: -75.8875, 73.27807, 0.99663854
Rotation: 0.2620161, 0.039813507, 5.4770365
