MutagenObjectType: PlacedObject
FormKey: 000E66:CoraCoeMultiversalBookHunter.esm
Base: 028D78:Starfield.esm
Position: -13.408298, 86.2632, -1.4493995
Rotation: 0, -0, 0.06377554
