MutagenObjectType: PlacedObject
FormKey: 000EC0:CoraCoeMultiversalBookHunter.esm
MajorRecordFlagsRaw: 256
StarfieldMajorRecordFlags:
- 0x100
Base: 0047DB:Starfield.esm
Radius: 50.754433
Lighting:
  Fov90PlusMinus: -17.64067
  Fade1PlusMinus: 0.026620256
  EndDistanceCap: 21.440144
  ShadowDepthBias: 0.87250006
  Unknown1: 2880154539
  Unknown2: 2880154368
LightBarndoorData:
  Data: 0x00000000000000000000000000000000000000000000ABAB
LightArea:
  Data: 0x98990140686688400000000000000000
LightStaticShadowMap: False
LightVolumetricData: 4
LightColors:
- UnknownColor: '#0116FD'
  Unknown: -6076575255718002688
Layer: 1E9BFB:Starfield.esm
LightRoundedness:
  Data: 0x0000000000000000000000000000000001ABABAB
Position: -90.34261, 89.32841, -8.541908
Rotation: -0.16537917, 0.17040049, 6.0121813
