MutagenObjectType: PlacedObject
FormKey: 000E93:CoraCoeMultiversalBookHunter.esm
Base: 3BE64A:Starfield.esm
Position: -83.85165, 88.84752, -17.55392
Rotation: -0.005063379, 0.09723077, 6.282694
