MutagenObjectType: PlacedObject
FormKey: 000E76:CoraCoeMultiversalBookHunter.esm
Base: 03F808:Starfield.esm
Position: -16.693892, 91.772964, -2.369308
Rotation: 0, -0, 3.1331854
