MutagenObjectType: PlacedObject
FormKey: 000E64:CoraCoeMultiversalBookHunter.esm
Base: 029AF5:Starfield.esm
Position: -18.50851, 94.33242, -2.702827
Rotation: 0.09603415, -0.24623907, 4.3854256
