MutagenObjectType: PlacedObject
FormKey: 000E59:CoraCoeMultiversalBookHunter.esm
Base: 012366:Starfield.esm
Layer: 233FF8:Starfield.esm
Position: -111.81105, 110.23758, -31.6679
Rotation: -0.016448293, -0.08531738, 3.811543
