MutagenObjectType: PlacedObject
FormKey: 000E5E:CoraCoeMultiversalBookHunter.esm
Base: 01D2B6:Starfield.esm
Position: -9.115171, 91.267746, -1.2443728
Rotation: -0.020444851, 0.049819894, 2.9195807
