MutagenObjectType: PlacedObject
FormKey: 000E9A:CoraCoeMultiversalBookHunter.esm
Base: 222F81:Starfield.esm
Position: -120.34564, 122.981766, -30.01607
Rotation: -0.35703918, -0.34451848, 2.3096101
