MutagenObjectType: PlacedObject
FormKey: 000E82:CoraCoeMultiversalBookHunter.esm
Base: 2312B6:Starfield.esm
Position: -112.11127, 106.538666, -31.714376
Rotation: 0, -0, 4.0531855
