MutagenObjectType: PlacedObject
FormKey: 000F66:CoraCoeMultiversalBookHunter.esm
Base: 06F74E:Starfield.esm
Layer: 233FF7:Starfield.esm
Scale: 1.2099999
Position: -37.321022, 99.04434, 0.59029675
Rotation: -1.4097898, -1.3624613, 1.4876317
