MutagenObjectType: PlacedObject
FormKey: 000F52:CoraCoeMultiversalBookHunter.esm
Base: 06F749:Starfield.esm
Layer: 233FF7:Starfield.esm
Position: -79.634254, 65.819565, -7.118456
Rotation: 2.7271638, -0.14886603, 1.1278703
