MutagenObjectType: PlacedObject
FormKey: 000F8D:CoraCoeMultiversalBookHunter.esm
Base: 06F748:Starfield.esm
Layer: 233FF7:Starfield.esm
Scale: 1.09
Position: -59.40276, 86.858696, 1.9589348
Rotation: 0.63295215, 0.06292669, 5.271779
