MutagenObjectType: PlacedObject
FormKey: 000F3B:CoraCoeMultiversalBookHunter.esm
Base: 161B68:Starfield.esm
Position: -82.23047, 96.81394, -16.776133
Rotation: -0.16762228, 0.20580244, 1.214773
