MutagenObjectType: PlacedObject
FormKey: 000FAF:CoraCoeMultiversalBookHunter.esm
Base: 06F745:Starfield.esm
Layer: 233FF7:Starfield.esm
Position: -108.51915, 95.34004, -1.9206359
Rotation: 2.113396, -1.3493586, 5.808672
