MutagenObjectType: PlacedObject
FormKey: 000F6C:CoraCoeMultiversalBookHunter.esm
Base: 24F0F6:Starfield.esm
Layer: 233FF8:Starfield.esm
Position: -46.43668, 95.984314, -6.69427
Rotation: 0.13388959, 0.06958445, 5.5542603
