MutagenObjectType: PlacedObject
FormKey: 000FA1:CoraCoeMultiversalBookHunter.esm
Base: 06F747:Starfield.esm
Layer: 233FF7:Starfield.esm
Position: -121.44685, 96.8015, -23.851414
Rotation: 0.049389075, 0.14169273, 6.0990806
