MutagenObjectType: PlacedObject
FormKey: 000F69:CoraCoeMultiversalBookHunter.esm
Base: 012368:Starfield.esm
Layer: 233FF8:Starfield.esm
Position: -45.35904, 96.83328, -6.2466726
Rotation: -0.24712013, -0.07705296, 5.502393
