MutagenObjectType: PlacedObject
FormKey: 000FF3:CoraCoeMultiversalBookHunter.esm
Base: 012366:Starfield.esm
Layer: 233FF8:Starfield.esm
Position: -61.434036, 94.694405, -12.17744
Rotation: -0.14837573, 0.2507335, 6.2461176
