MutagenObjectType: PlacedObject
FormKey: 000F28:CoraCoeMultiversalBookHunter.esm
Base: 06F74D:Starfield.esm
Layer: 233FF7:Starfield.esm
Position: -132.39767, 124.22472, -26.893131
Rotation: -0.14621711, -0.02918511, 4.3663545
