MutagenObjectType: PlacedObject
FormKey: 000FE4:CoraCoeMultiversalBookHunter.esm
Base: 1339B8:Starfield.esm
Layer: 233FF8:Starfield.esm
Scale: 0.45999998
Position: -27.698244, 86.30472, -1.7856516
Rotation: 0.5500082, -0.09522213, 1.3273749
