MutagenObjectType: PlacedObject
FormKey: 000F87:CoraCoeMultiversalBookHunter.esm
Base: 07147B:Starfield.esm
Layer: 233FF7:Starfield.esm
Position: -106.19644, 86.94345, -15.828046
Rotation: 0.30137554, 0.31078535, 2.8465583
