MutagenObjectType: PlacedObject
FormKey: 000F40:CoraCoeMultiversalBookHunter.esm
Base: 012368:Starfield.esm
Layer: 233FF8:Starfield.esm
Position: -35.818607, 95.19402, -2.1382546
Rotation: 0.010899426, 0.03058277, 0.0003332958
