MutagenObjectType: PlacedObject
FormKey: 000FD1:CoraCoeMultiversalBookHunter.esm
Base: 06F743:Starfield.esm
Layer: 233FF7:Starfield.esm
Position: -122.18697, 113.92206, -17.042915
Rotation: 0.6193836, -0.52037305, 3.6317198
