MutagenObjectType: PlacedObject
FormKey: 000FD8:CoraCoeMultiversalBookHunter.esm
Base: 06F749:Starfield.esm
Layer: 233FF7:Starfield.esm
Position: -111.67119, 103.841965, -15.520458
Rotation: -2.925633, 0.8684515, 1.9775888
