MutagenObjectType: PlacedObject
FormKey: 000FBC:CoraCoeMultiversalBookHunter.esm
Base: 06F749:Starfield.esm
Layer: 233FF7:Starfield.esm
Position: -29.275173, 86.06937, 5.9844522
Rotation: -1.088271, -1.2369895, 4.431969
