MutagenObjectType: PlacedObject
FormKey: 000FAB:CoraCoeMultiversalBookHunter.esm
Base: 06F749:Starfield.esm
Layer: 233FF7:Starfield.esm
Position: -113.89067, 90.9116, -1.9163723
Rotation: 0.25635597, -0.05926611, 3.3814993
