MutagenObjectType: PlacedObject
FormKey: 000FDB:CoraCoeMultiversalBookHunter.esm
Base: 06F745:Starfield.esm
Layer: 233FF7:Starfield.esm
Position: -108.11361, 120.89409, -17.982264
Rotation: 2.400619, -0.25644687, 1.4518182
