MutagenObjectType: PlacedObject
FormKey: 000FAC:CoraCoeMultiversalBookHunter.esm
Base: 06F749:Starfield.esm
Layer: 233FF7:Starfield.esm
Position: -101.63111, 85.94117, -16.551395
Rotation: 0.08092484, -0.10967253, 6.0121737
