MutagenObjectType: PlacedObject
FormKey: 000F95:CoraCoeMultiversalBookHunter.esm
Base: 06F749:Starfield.esm
Layer: 233FF7:Starfield.esm
Position: -72.67385, 99.42663, -11.145905
Rotation: 0.0012431387, 0.09810116, 3.5999188
