MutagenObjectType: PlacedObject
FormKey: 000F29:CoraCoeMultiversalBookHunter.esm
Base: 2D0117:Starfield.esm
Layer: 233FF7:Starfield.esm
Position: -120.0759, 103.87966, -31.714455
Rotation: -0.052227966, -0.0013466402, 1.2959653
