MutagenObjectType: PlacedObject
FormKey: 000F68:CoraCoeMultiversalBookHunter.esm
Base: 012368:Starfield.esm
Layer: 233FF8:Starfield.esm
Position: -41.95435, 96.06363, -6.2455177
Rotation: -0.117117144, -0.01726454, 4.712389
