MutagenObjectType: PlacedObject
FormKey: 000FAA:CoraCoeMultiversalBookHunter.esm
Base: 06F749:Starfield.esm
Layer: 233FF7:Starfield.esm
Position: -112.070175, 96.09839, -2.3906236
Rotation: -0.08488881, -0.05291996, 5.8354344
