MutagenObjectType: PlacedObject
FormKey: 000FBB:CoraCoeMultiversalBookHunter.esm
Base: 06F745:Starfield.esm
Layer: 233FF7:Starfield.esm
Position: -31.032782, 93.51748, 5.105449
Rotation: 1.7823569, 0.0062742652, 1.2407268
