MutagenObjectType: PlacedObject
FormKey: 000F9E:CoraCoeMultiversalBookHunter.esm
Base: 06F749:Starfield.esm
Layer: 233FF7:Starfield.esm
Position: -121.65396, 87.34481, -22.888239
Rotation: 0.049389165, 0.14169316, 3.5490797
