MutagenObjectType: PlacedObject
FormKey: 000FC0:CoraCoeMultiversalBookHunter.esm
Base: 06F3A7:Starfield.esm
Layer: 233FF8:Starfield.esm
Position: -129.28459, 120.72147, -29.402214
Rotation: 0.10195995, -0.38035655, 3.9143813
