MutagenObjectType: PlacedObject
FormKey: 000F1E:CoraCoeMultiversalBookHunter.esm
Base: 06F74D:Starfield.esm
Layer: 233FF7:Starfield.esm
Position: -130.94211, 122.27963, -31.818377
Rotation: -0.07319061, 0.07061382, 3.0638676
