MutagenObjectType: PlacedObject
FormKey: 000FFC:CoraCoeMultiversalBookHunter.esm
Base: 012368:Starfield.esm
Layer: 233FF8:Starfield.esm
Position: -74.52715, 73.476685, -16.058966
Rotation: 0.043742042, 0.12706132, 0.0055464297
