MutagenObjectType: PlacedObject
FormKey: 000F62:CoraCoeMultiversalBookHunter.esm
Base: 06F751:Starfield.esm
Layer: 233FF7:Starfield.esm
Position: -42.724545, 97.595, -7.888154
Rotation: 3.062861, 0.07849789, 3.3266864
