MutagenObjectType: PlacedObject
FormKey: 000FA0:CoraCoeMultiversalBookHunter.esm
Base: 06F749:Starfield.esm
Layer: 233FF7:Starfield.esm
Position: -110.57931, 85.92377, -29.336502
Rotation: 0.049389146, 0.14169303, 5.9322653
