MutagenObjectType: PlacedObject
FormKey: 000FE0:CoraCoeMultiversalBookHunter.esm
Base: 06F746:Starfield.esm
Layer: 233FF7:Starfield.esm
Position: -29.70432, 96.728966, 1.4107604
Rotation: 0.37047172, -0.070780426, 1.8951848
