MutagenObjectType: PlacedObject
FormKey: 000FD7:CoraCoeMultiversalBookHunter.esm
Base: 06F743:Starfield.esm
Layer: 233FF7:Starfield.esm
Position: -119.02363, 110.38971, -12.446452
Rotation: 0.61938226, -0.5203735, 3.8485355
