MutagenObjectType: PlacedObject
FormKey: 000FFE:CoraCoeMultiversalBookHunter.esm
Base: 2F063A:Starfield.esm
Layer: 233FF8:Starfield.esm
Position: -86.64094, 73.29472, -16.766226
Rotation: 0.14443119, -0.14859985, 4.9116616
