MutagenObjectType: PlacedObject
FormKey: 000FB3:CoraCoeMultiversalBookHunter.esm
Base: 290E3B:Starfield.esm
Layer: 233FF7:Starfield.esm
Position: -85.694786, 98.37161, -18.30767
Rotation: 0.0046707382, -0.042949677, 0.0080018295
