MutagenObjectType: PlacedObject
FormKey: 000FCA:CoraCoeMultiversalBookHunter.esm
Base: 06F3A7:Starfield.esm
Layer: 233FF8:Starfield.esm
Position: -44.41887, 90.70759, -6.8217587
Rotation: -0.00993932, -0.12379631, 4.8835936
