MutagenObjectType: PlacedObject
FormKey: 000F77:CoraCoeMultiversalBookHunter.esm
Base: 06F748:Starfield.esm
Layer: 233FF7:Starfield.esm
Position: -76.14438, 77.04167, -0.45045456
Rotation: 3.0073085, -0.0583112, 1.8265512
