MutagenObjectType: PlacedObject
FormKey: 000FB8:CoraCoeMultiversalBookHunter.esm
Base: 27D87E:Starfield.esm
Layer: 233FF7:Starfield.esm
Position: -69.66494, 92.608925, -14.711895
Rotation: -1.6662602, 0.084826246, 2.981619
