MutagenObjectType: PlacedObject
FormKey: 000F8B:CoraCoeMultiversalBookHunter.esm
Base: 01236B:Starfield.esm
Layer: 233FF8:Starfield.esm
Position: -45.600094, 94.49097, -6.655419
Rotation: -0.036658145, -0.10946473, 3.919414
