MutagenObjectType: PlacedObject
FormKey: 000F45:CoraCoeMultiversalBookHunter.esm
Base: 02EB7F:Starfield.esm
Layer: 233FF7:Starfield.esm
Scale: 0.47
Position: -17.771002, 93.17539, 3.8587408
Rotation: -1.3253317, 0.62310743, 3.224029
