MutagenObjectType: PlacedObject
FormKey: 000FED:CoraCoeMultiversalBookHunter.esm
Base: 06F747:Starfield.esm
Layer: 233FF7:Starfield.esm
Position: -39.002796, 97.41429, 6.13031
Rotation: -9.022382E-08, 2.0513156E-09, 5.1663704
