MutagenObjectType: PlacedObject
FormKey: 000F42:CoraCoeMultiversalBookHunter.esm
Base: 012368:Starfield.esm
Layer: 233FF8:Starfield.esm
Position: -20.167837, 89.71872, -2.3330626
Rotation: -0.025973912, -0.069732055, 0.0018101485
