MutagenObjectType: PlacedObject
FormKey: 000F9C:CoraCoeMultiversalBookHunter.esm
Base: 06F74A:Starfield.esm
Layer: 233FF7:Starfield.esm
Scale: 1.09
Position: -65.18695, 81.31869, -2.8615117
Rotation: 0.8832689, -0.17364062, 3.074814
