MutagenObjectType: PlacedObject
FormKey: 000F44:CoraCoeMultiversalBookHunter.esm
Base: 01D1F6:Starfield.esm
Layer: 233FF7:Starfield.esm
Position: -21.051266, 96.16513, -2.5057817
Rotation: 0.06574505, 0.39686692, 3.0199096
