MutagenObjectType: PlacedObject
FormKey: 000FBF:CoraCoeMultiversalBookHunter.esm
Base: 06F743:Starfield.esm
Layer: 233FF7:Starfield.esm
Scale: 1.3
Position: -100.01174, 90.10986, -0.19119012
Rotation: -2.6912897, -1.4552026, 3.1581302
