MutagenObjectType: PlacedObject
FormKey: 000F88:CoraCoeMultiversalBookHunter.esm
Base: 07147A:Starfield.esm
Layer: 233FF7:Starfield.esm
Position: -89.66083, 97.69206, -9.935076
Rotation: -0.005031906, 0.0429089, 3.1411793
