MutagenObjectType: PlacedObject
FormKey: 000FDE:CoraCoeMultiversalBookHunter.esm
Base: 06F751:Starfield.esm
Layer: 233FF7:Starfield.esm
Scale: 0.89
Position: -122.10331, 129.27765, -30.818977
Rotation: -0.22878207, 0.08112849, 0.64374125
