MutagenObjectType: PlacedObject
FormKey: 000F20:CoraCoeMultiversalBookHunter.esm
Base: 290E3A:Starfield.esm
Layer: 233FF7:Starfield.esm
Position: -112.91934, 116.8242, -28.681263
Rotation: -0.17777587, 0.16992012, 1.4856731
