MutagenObjectType: PlacedObject
FormKey: 000FE9:CoraCoeMultiversalBookHunter.esm
Base: 06F746:Starfield.esm
Layer: 233FF7:Starfield.esm
Position: -22.524813, 93.01754, 4.4690714
Rotation: -2.944965, -1.5100455, 4.99318
