MutagenObjectType: PlacedObject
FormKey: 000F7A:CoraCoeMultiversalBookHunter.esm
Base: 2C4F85:Starfield.esm
Layer: 233FF7:Starfield.esm
Position: -119.92721, 99.32981, -29.131641
Rotation: 0.04938925, 0.14169367, 1.4658937
