MutagenObjectType: PlacedObject
FormKey: 000FA9:CoraCoeMultiversalBookHunter.esm
Base: 2F063A:Starfield.esm
Layer: 233FF8:Starfield.esm
Position: -117.47888, 94.970955, -32.137695
Rotation: -0.0721421, -0.034557868, 5.012389
