MutagenObjectType: PlacedObject
FormKey: 000F56:CoraCoeMultiversalBookHunter.esm
Base: 06F747:Starfield.esm
Layer: 233FF7:Starfield.esm
Position: -73.34849, 73.07043, -6.259013
Rotation: -0.8540865, -1.321141, 5.52539
