MutagenObjectType: PlacedObject
FormKey: 000F47:CoraCoeMultiversalBookHunter.esm
Base: 028D61:Starfield.esm
Layer: 233FF7:Starfield.esm
Scale: 0.64
Position: -14.105865, 87.00153, 4.946084
Rotation: 0.37935886, -0.26947707, 0.57924926
