MutagenObjectType: PlacedObject
FormKey: 000F5D:CoraCoeMultiversalBookHunter.esm
Base: 1339B8:Starfield.esm
Layer: 233FF8:Starfield.esm
Scale: 0.39999998
Position: -72.11, 78.93485, -16.499504
Rotation: 0, -0, 4.4331856
