MutagenObjectType: PlacedObject
FormKey: 000F55:CoraCoeMultiversalBookHunter.esm
Base: 06F748:Starfield.esm
Layer: 233FF7:Starfield.esm
Position: -81.761406, 73.44392, -21.401075
Rotation: 0.04910295, 0.12293546, 0.51665497
