MutagenObjectType: PlacedObject
FormKey: 000F4F:CoraCoeMultiversalBookHunter.esm
Base: 2C4F85:Starfield.esm
Layer: 233FF7:Starfield.esm
Position: -92.3282, 78.737915, -5.032408
Rotation: -0.009536444, -0.05728186, 5.760817
