MutagenObjectType: PlacedObject
FormKey: 000FDD:CoraCoeMultiversalBookHunter.esm
Base: 06F750:Starfield.esm
Layer: 233FF7:Starfield.esm
Scale: 0.89
Position: -121.44597, 122.747246, -30.626646
Rotation: 0.1747994, -0.21739015, 2.4655762
