MutagenObjectType: PlacedObject
FormKey: 000FE1:CoraCoeMultiversalBookHunter.esm
Base: 06F747:Starfield.esm
Layer: 233FF7:Starfield.esm
Position: -27.689228, 98.679504, -2.7125573
Rotation: 0.32654378, -0.015958505, 1.7554126
