MutagenObjectType: PlacedObject
FormKey: 000FB0:CoraCoeMultiversalBookHunter.esm
Base: 06F743:Starfield.esm
Layer: 233FF7:Starfield.esm
Scale: 1.3
Position: -103.56077, 96.8763, 1.9991031
Rotation: -3.1297083, -1.4560044, 3.3437345
