MutagenObjectType: PlacedObject
FormKey: 000F04:CoraCoeMultiversalBookHunter.esm
Base: 2C4F85:Starfield.esm
Layer: 233FF7:Starfield.esm
Position: -69.62827, 76.712166, -4.4477353
Rotation: -0.049973458, -0.0016288582, 2.3590372
