MutagenObjectType: PlacedObject
FormKey: 000F9D:CoraCoeMultiversalBookHunter.esm
Base: 06F749:Starfield.esm
Layer: 233FF7:Starfield.esm
Position: -122.56987, 88.639946, -31.190058
Rotation: 0.049389202, 0.14169316, 3.2990797
