MutagenObjectType: PlacedObject
FormKey: 000F98:CoraCoeMultiversalBookHunter.esm
Base: 06F743:Starfield.esm
Layer: 233FF7:Starfield.esm
Position: -105.700386, 99.59147, -17.870586
Rotation: 0.015226834, -0.058796868, 1.5016582
