MutagenObjectType: PlacedObject
FormKey: 000F03:CoraCoeMultiversalBookHunter.esm
Base: 2D0119:Starfield.esm
Layer: 233FF7:Starfield.esm
Position: -83.51112, 78.444496, -16.995382
Rotation: 0.044113923, -0.049847152, 2.973895
