MutagenObjectType: PlacedObject
FormKey: 000FB6:CoraCoeMultiversalBookHunter.esm
Base: 06F748:Starfield.esm
Layer: 233FF7:Starfield.esm
Position: -76.558235, 84.57947, -4.8708405
Rotation: -3.0058255, -0.15751237, 2.2581394
