MutagenObjectType: PlacedObject
FormKey: 000FE3:CoraCoeMultiversalBookHunter.esm
Base: 06F746:Starfield.esm
Layer: 233FF7:Starfield.esm
Position: -20.064291, 85.84416, 3.0696607
Rotation: 0.37047207, -0.07078022, 4.8951845
