MutagenObjectType: PlacedObject
FormKey: 000F3A:CoraCoeMultiversalBookHunter.esm
Base: 161B68:Starfield.esm
Position: -78.9066, 88.68132, -17.067125
Rotation: 0.04887339, 0.15799798, 0.76865834
