MutagenObjectType: PlacedObject
FormKey: 000F86:CoraCoeMultiversalBookHunter.esm
Base: 06F745:Starfield.esm
Layer: 233FF7:Starfield.esm
Position: -121.77708, 102.35866, -20.437204
Rotation: 0.82041806, -0.20941177, 5.6873107
