MutagenObjectType: PlacedObject
FormKey: 000FEF:CoraCoeMultiversalBookHunter.esm
Base: 06F74F:Starfield.esm
Layer: 233FF7:Starfield.esm
Scale: 1.6899999
Position: -34.65522, 95.52709, 4.2577486
Rotation: 1.6868072, -0.16996223, 4.793484
