MutagenObjectType: PlacedObject
FormKey: 000F21:CoraCoeMultiversalBookHunter.esm
Base: 06F746:Starfield.esm
Layer: 233FF7:Starfield.esm
Position: -122.0914, 128.47646, -23.24499
Rotation: 1.3694606, -0.5984546, 0.3766215
