MutagenObjectType: PlacedObject
FormKey: 000F9F:CoraCoeMultiversalBookHunter.esm
Base: 06F743:Starfield.esm
Layer: 233FF7:Starfield.esm
Position: -104.86089, 99.68372, -8.244169
Rotation: 0.015226845, -0.058796827, 4.8516583
