MutagenObjectType: PlacedObject
FormKey: 000FBE:CoraCoeMultiversalBookHunter.esm
Base: 06F743:Starfield.esm
Layer: 233FF7:Starfield.esm
Position: -94.44923, 84.08255, -16.986357
Rotation: 0.34951973, -0.11210904, 5.234516
