MutagenObjectType: PlacedObject
FormKey: 000F75:CoraCoeMultiversalBookHunter.esm
Base: 2C4F85:Starfield.esm
Layer: 233FF7:Starfield.esm
Position: -53.59729, 100.280235, -2.0428755
Rotation: -0.07775818, -0.054219984, 3.2548368
