MutagenObjectType: PlacedObject
FormKey: 000FA4:CoraCoeMultiversalBookHunter.esm
Base: 06F74A:Starfield.esm
Layer: 233FF7:Starfield.esm
Position: -122.08986, 95.34784, -9.246138
Rotation: -0.09368399, -0.03502704, 2.9848275
