MutagenObjectType: PlacedObject
FormKey: 000F02:CoraCoeMultiversalBookHunter.esm
Base: 06F74A:Starfield.esm
Layer: 233FF7:Starfield.esm
Position: -73.56642, 69.25275, -12.607622
Rotation: 2.773509, -0.18113399, 0.4602076
