MutagenObjectType: PlacedObject
FormKey: 000F3D:CoraCoeMultiversalBookHunter.esm
Base: 161B6C:Starfield.esm
Position: -109.199715, 113.69488, -31.091534
Rotation: -0.059008785, 0.06120014, 5.2485027
