MutagenObjectType: PlacedObject
FormKey: 000FD2:CoraCoeMultiversalBookHunter.esm
Base: 06F3A7:Starfield.esm
Layer: 233FF8:Starfield.esm
Position: -120.9093, 108.516266, -31.563286
Rotation: -0.0750379, -0.08878814, 1.4976995
