MutagenObjectType: PlacedObject
FormKey: 000FC8:CoraCoeMultiversalBookHunter.esm
Base: 2C4F85:Starfield.esm
Layer: 233FF7:Starfield.esm
Position: -107.40059, 98.24291, -28.387241
Rotation: 2.9235947, -0.17318319, 4.9709826
