MutagenObjectType: PlacedObject
FormKey: 000FA8:CoraCoeMultiversalBookHunter.esm
Base: 2F063A:Starfield.esm
Layer: 233FF8:Starfield.esm
Position: -113.99834, 88.10413, -32.748585
Rotation: -0.12635745, 0.052729066, 3.3094876
