MutagenObjectType: PlacedObject
FormKey: 000F8F:CoraCoeMultiversalBookHunter.esm
Base: 01236B:Starfield.esm
Layer: 233FF8:Starfield.esm
Position: -28.154182, 93.31118, -3.0006433
Rotation: -0.15560544, 0.022615023, 1.1730669
