MutagenObjectType: PlacedObject
FormKey: 000FF7:CoraCoeMultiversalBookHunter.esm
Base: 012366:Starfield.esm
Layer: 233FF8:Starfield.esm
Position: -78.03425, 95.828255, -15.749922
Rotation: -0.13113618, 0.29306656, 6.007227
