MutagenObjectType: PlacedObject
FormKey: 000F70:CoraCoeMultiversalBookHunter.esm
Base: 06F74F:Starfield.esm
Layer: 233FF7:Starfield.esm
Scale: 1.5799999
Position: -33.753227, 90.064156, 4.839403
Rotation: -2.4095874, 0.5246987, 2.4032874
