MutagenObjectType: PlacedObject
FormKey: 000F59:CoraCoeMultiversalBookHunter.esm
Base: 2C4F85:Starfield.esm
Layer: 233FF7:Starfield.esm
Position: -72.24463, 80.831184, -21.106422
Rotation: 0.049102906, 0.12293556, 1.9166548
