MutagenObjectType: PlacedObject
FormKey: 000F7D:CoraCoeMultiversalBookHunter.esm
Base: 2D0119:Starfield.esm
Layer: 233FF7:Starfield.esm
Position: -124.064415, 121.56247, -29.75464
Rotation: -0.08961989, -0.05474878, 5.8378067
