MutagenObjectType: PlacedObject
FormKey: 000FFD:CoraCoeMultiversalBookHunter.esm
Base: 012368:Starfield.esm
Layer: 233FF8:Starfield.esm
Position: -82.58297, 70.809166, -16.485771
Rotation: 0.06533186, -0.14378858, 5.709486
