MutagenObjectType: PlacedObject
FormKey: 000FCB:CoraCoeMultiversalBookHunter.esm
Base: 27D87C:Starfield.esm
Layer: 233FF7:Starfield.esm
Position: -53.91121, 91.400566, 4.8247824
Rotation: 0.8499917, -0.0016703388, 2.9998326
