MutagenObjectType: PlacedObject
FormKey: 000FF6:CoraCoeMultiversalBookHunter.esm
Base: 012366:Starfield.esm
Layer: 233FF8:Starfield.esm
Position: -70.52769, 94.358986, -13.923444
Rotation: -0.16675666, 0.35573035, 3.8246346
