MutagenObjectType: PlacedObject
FormKey: 000FF5:CoraCoeMultiversalBookHunter.esm
Base: 012366:Starfield.esm
Layer: 233FF8:Starfield.esm
Position: -70.491005, 90.84369, -14.183277
Rotation: 0.085371755, 0.27849898, 0.023522189
