MutagenObjectType: PlacedObject
FormKey: 000F90:CoraCoeMultiversalBookHunter.esm
Base: 06F74A:Starfield.esm
Layer: 233FF7:Starfield.esm
Position: -62.946136, 93.750465, 7.5626087
Rotation: -2.2700942, 0.31275636, 3.1405451
