MutagenObjectType: PlacedObject
FormKey: 000FDF:CoraCoeMultiversalBookHunter.esm
Base: 06F751:Starfield.esm
Layer: 233FF7:Starfield.esm
Scale: 0.89
Position: -116.89727, 122.429665, -31.444769
Rotation: 3.079504, -0.06028608, 2.6403205
