MutagenObjectType: PlacedObject
FormKey: 000F38:CoraCoeMultiversalBookHunter.esm
Base: 161B68:Starfield.esm
Position: -45.649803, 91.36084, -6.513398
Rotation: 0.12501705, 0.043598596, 0.007991116
