MutagenObjectType: PlacedObject
FormKey: 000F30:CoraCoeMultiversalBookHunter.esm
Base: 012368:Starfield.esm
Layer: 233FF8:Starfield.esm
Position: -43.53032, 91.238235, -6.311559
Rotation: 0.27040952, -0.1136157, 0.0003831596
