MutagenObjectType: PlacedObject
FormKey: 000F3E:CoraCoeMultiversalBookHunter.esm
Base: 161B6C:Starfield.esm
Position: -107.188484, 103.42632, -30.939999
Rotation: 0.06299891, 0.05708409, 0.5689231
