MutagenObjectType: PlacedObject
FormKey: 000FCF:CoraCoeMultiversalBookHunter.esm
Base: 2C4F85:Starfield.esm
Layer: 233FF7:Starfield.esm
Scale: 1.0799999
Position: -110.3198, 117.896774, -26.012785
Rotation: -0.02513948, -0.0018668892, 5.0123053
