MutagenObjectType: PlacedObject
FormKey: 000FF1:CoraCoeMultiversalBookHunter.esm
Base: 2C4F85:Starfield.esm
Layer: 233FF7:Starfield.esm
Position: -75.316475, 85.523186, -11.689057
Rotation: -0.20981927, 0.09592289, 4.8329506
