MutagenObjectType: PlacedObject
FormKey: 000F05:CoraCoeMultiversalBookHunter.esm
Base: 06F74A:Starfield.esm
Layer: 233FF7:Starfield.esm
Position: -122.0366, 92.75583, -37.18668
Rotation: 0.04938923, 0.14169352, 5.1990795
