MutagenObjectType: PlacedObject
FormKey: 000FB5:CoraCoeMultiversalBookHunter.esm
Base: 2C4F80:Starfield.esm
Layer: 233FF7:Starfield.esm
Position: -91.48516, 87.40762, -9.816218
Rotation: 0.12331577, -0.0030301085, 4.7536764
