MutagenObjectType: PlacedObject
FormKey: 000FC6:CoraCoeMultiversalBookHunter.esm
Base: 06F746:Starfield.esm
Layer: 233FF7:Starfield.esm
Position: -116.71962, 127.2224, -23.184582
Rotation: -1.3804817, 0.50860876, 3.4972708
