MutagenObjectType: PlacedObject
FormKey: 000F73:CoraCoeMultiversalBookHunter.esm
Base: 290E3A:Starfield.esm
Layer: 233FF7:Starfield.esm
Position: -30.407734, 89.34395, -4.296074
Rotation: -1.8494593, -0.9211377, 2.0221503
