MutagenObjectType: PlacedObject
FormKey: 000F8C:CoraCoeMultiversalBookHunter.esm
Base: 06F749:Starfield.esm
Layer: 233FF7:Starfield.esm
Position: -60.465366, 87.48948, -10.131967
Rotation: 0.09720312, -0.0372515, 0.0009838052
