MutagenObjectType: PlacedObject
FormKey: 000F48:CoraCoeMultiversalBookHunter.esm
Base: 012368:Starfield.esm
Layer: 233FF8:Starfield.esm
Position: -39.27195, 95.17269, -3.2218895
Rotation: -0.044689395, 0.22298564, 0.14533886
