MutagenObjectType: PlacedObject
FormKey: 000FE7:CoraCoeMultiversalBookHunter.esm
Base: 06F746:Starfield.esm
Layer: 233FF7:Starfield.esm
Position: -20.452225, 98.33423, -2.4032748
Rotation: 0.37047207, -0.07078022, 4.8951845
