MutagenObjectType: PlacedObject
FormKey: 000F4C:CoraCoeMultiversalBookHunter.esm
Base: 27D87E:Starfield.esm
Layer: 233FF7:Starfield.esm
Position: -73.34859, 91.559296, -16.012207
Rotation: 1.6050484, 0.005338128, 0.31596312
