MutagenObjectType: PlacedObject
FormKey: 000FD3:CoraCoeMultiversalBookHunter.esm
Base: 06F3A9:Starfield.esm
Layer: 233FF8:Starfield.esm
Position: -118.96188, 105.458336, -31.699722
Rotation: 0.1150704, -0.06652504, 0.96997744
