MutagenObjectType: PlacedObject
FormKey: 000FF8:CoraCoeMultiversalBookHunter.esm
Base: 290E3A:Starfield.esm
Layer: 233FF7:Starfield.esm
Scale: 0.89
Position: -122.40801, 122.49993, -29.512396
Rotation: -0.08943731, 0.20171925, 2.1946473
