MutagenObjectType: PlacedObject
FormKey: 000FC9:CoraCoeMultiversalBookHunter.esm
Base: 1339B3:Starfield.esm
Layer: 233FF8:Starfield.esm
Scale: 0.39999998
Position: -79.1871, 94.96599, -16.49048
Rotation: -0.19740714, 0.37879843, 6.2279544
