MutagenObjectType: PlacedObject
FormKey: 000FEA:CoraCoeMultiversalBookHunter.esm
Base: 06F746:Starfield.esm
Layer: 233FF7:Starfield.esm
Position: -26.626297, 93.89828, 5.7816076
Rotation: -2.81346, 0.13823682, 4.69608
