MutagenObjectType: PlacedObject
FormKey: 000F67:CoraCoeMultiversalBookHunter.esm
Base: 06F74E:Starfield.esm
Layer: 233FF7:Starfield.esm
Position: -40.45778, 98.26792, 1.3767128
Rotation: 0.07874164, 0.033705663, 5.576309
