MutagenObjectType: PlacedObject
FormKey: 000F5A:CoraCoeMultiversalBookHunter.esm
Base: 012368:Starfield.esm
Layer: 233FF8:Starfield.esm
Position: -72.365425, 79.244125, -15.528442
Rotation: 0.009548408, 0.44615626, 4.582996
