MutagenObjectType: PlacedObject
FormKey: 000F49:CoraCoeMultiversalBookHunter.esm
Base: 24F0F6:Starfield.esm
Layer: 233FF8:Starfield.esm
Position: -38.39231, 91.94066, -3.19606
Rotation: 0.057320654, -0.009534177, 1.2891479
