MutagenObjectType: PlacedObject
FormKey: 000F82:CoraCoeMultiversalBookHunter.esm
Base: 012366:Starfield.esm
Layer: 233FF8:Starfield.esm
Position: -32.30265, 89.89296, -2.6226313
Rotation: 0.021264702, -0.39297214, 6.2250414
