MutagenObjectType: PlacedObject
FormKey: 000F74:CoraCoeMultiversalBookHunter.esm
Base: 06F747:Starfield.esm
Layer: 233FF7:Starfield.esm
Position: -50.23393, 97.68856, -8.435878
Rotation: -0.07408125, 0.05540256, 0.057573598
