MutagenObjectType: PlacedObject
FormKey: 000F58:CoraCoeMultiversalBookHunter.esm
Base: 2C4F85:Starfield.esm
Layer: 233FF7:Starfield.esm
Position: -72.75104, 83.470085, -13.980354
Rotation: 3.0812352, -0.008476736, 3.7565086
