MutagenObjectType: PlacedObject
FormKey: 000F94:CoraCoeMultiversalBookHunter.esm
Base: 06F74A:Starfield.esm
Layer: 233FF7:Starfield.esm
Scale: 0.79999995
Position: -45.876217, 97.34469, 6.5407157
Rotation: 2.660431, -0.017863635, 3.2295878
