MutagenObjectType: PlacedObject
FormKey: 000FC1:CoraCoeMultiversalBookHunter.esm
Base: 06F3A5:Starfield.esm
Layer: 233FF8:Starfield.esm
Position: -131.16019, 118.0294, -28.570692
Rotation: -0.078465454, -0.35198486, 4.098214
