MutagenObjectType: PlacedObject
FormKey: 00101F:CoraCoeMultiversalBookHunter.esm
Base: 2C4F85:Starfield.esm
Layer: 233FF7:Starfield.esm
Scale: 1.41
Position: -83.40675, 101.249115, 5.989615
Rotation: -0.45352212, -0.13633654, 3.3283565
