MutagenObjectType: PlacedObject
FormKey: 001016:CoraCoeMultiversalBookHunter.esm
Base: 07147A:Starfield.esm
Layer: 233FF7:Starfield.esm
Position: -131.47734, 114.345276, -28.98626
Rotation: -0.13374744, -0.022777712, 4.1868544
