MutagenObjectType: PlacedObject
FormKey: 001007:CoraCoeMultiversalBookHunter.esm
Base: 07147A:Starfield.esm
Layer: 233FF7:Starfield.esm
Position: -87.11329, 98.251434, -2.7364058
Rotation: -0.9662345, 1.4578186, 1.9070091
