MutagenObjectType: PlacedObject
FormKey: 00103B:CoraCoeMultiversalBookHunter.esm
Base: 012366:Starfield.esm
Layer: 233FF8:Starfield.esm
Position: -128.22371, 117.513885, -30.034027
Rotation: -0.10825319, -0.22308491, 1.8240381
