MutagenObjectType: PlacedObject
FormKey: 001004:CoraCoeMultiversalBookHunter.esm
Base: 2C4F85:Starfield.esm
Layer: 233FF7:Starfield.esm
Scale: 1.13
Position: -82.78476, 80.4772, 0.9458108
Rotation: -0.10652414, 0.038482632, 5.918095
