MutagenObjectType: PlacedObject
FormKey: 001015:CoraCoeMultiversalBookHunter.esm
Base: 06F74A:Starfield.esm
Layer: 233FF7:Starfield.esm
Position: -128.7945, 127.65898, -16.514929
Rotation: -2.3827887, 0.6827572, 5.5647874
