MutagenObjectType: PlacedObject
FormKey: 001018:CoraCoeMultiversalBookHunter.esm
Base: 06F74F:Starfield.esm
Layer: 233FF7:Starfield.esm
Scale: 1.22
Position: -111.154274, 117.33476, -12.1142435
Rotation: -2.3081093, -0.8827426, 5.07858
