MutagenObjectType: PlacedObject
FormKey: 00103A:CoraCoeMultiversalBookHunter.esm
Base: 012366:Starfield.esm
Layer: 233FF8:Starfield.esm
Position: -123.26138, 115.73709, -30.794733
Rotation: 0.14688464, -0.037133645, 6.277694
