MutagenObjectType: PlacedObject
FormKey: 001035:CoraCoeMultiversalBookHunter.esm
Base: 012368:Starfield.esm
Layer: 233FF8:Starfield.esm
Position: -116.052956, 122.868484, -29.734707
Rotation: 0.033556003, 0.28401238, 4.5828857
