MutagenObjectType: PlacedObject
FormKey: 001061:CoraCoeMultiversalBookHunter.esm
Base: 0E518D:Starfield.esm
Position: -122.020615, 127.594864, -29.430422
Rotation: -0.18059546, 0.0093623875, 4.712389
