MutagenObjectType: PlacedObject
FormKey: 001014:CoraCoeMultiversalBookHunter.esm
Base: 06F74A:Starfield.esm
Layer: 233FF7:Starfield.esm
Scale: 1.1899999
Position: -87.835205, 102.22308, 4.4773884
Rotation: 0.52691287, -1.4641566, 2.796087
