MutagenObjectType: PlacedObject
FormKey: 00104E:CoraCoeMultiversalBookHunter.esm
Base: 2F063A:Starfield.esm
Layer: 233FF8:Starfield.esm
Position: -26.07923, 87.982704, -2.624897
Rotation: 0.080221705, 0.023520002, 0.029203674
