MutagenObjectType: PlacedObject
FormKey: 001048:CoraCoeMultiversalBookHunter.esm
Base: 12F2D7:Starfield.esm
Layer: 233FF8:Starfield.esm
Scale: 0.56
Position: -80.94067, 94.83019, -17.240808
Rotation: -0.3187474, 0.40656707, 0.69345444
