MutagenObjectType: PlacedObject
FormKey: 001050:CoraCoeMultiversalBookHunter.esm
Base: 06F750:Starfield.esm
Layer: 233FF7:Starfield.esm
Scale: 1.11
Position: -26.779005, 88.7543, -3.6396415
Rotation: 0.077240184, -0.12871262, 5.740594
