MutagenObjectType: PlacedObject
FormKey: 001020:CoraCoeMultiversalBookHunter.esm
Base: 06F74C:Starfield.esm
Layer: 233FF7:Starfield.esm
Scale: 1.6999999
Position: -70.927925, 89.30522, 5.785779
Rotation: 1.8901783, -1.1949741, 2.2477343
