MutagenObjectType: PlacedObject
FormKey: 00104D:CoraCoeMultiversalBookHunter.esm
Base: 2F063A:Starfield.esm
Layer: 233FF8:Starfield.esm
Position: -30.777752, 95.36045, -2.426977
Rotation: -0.11766405, -0.024525542, 4.712389
