MutagenObjectType: PlacedObject
FormKey: 001021:CoraCoeMultiversalBookHunter.esm
Base: 06F743:Starfield.esm
Layer: 233FF7:Starfield.esm
Position: -93.670784, 89.83936, -5.9598856
Rotation: 0.349519, -0.11210905, 1.3849589
