MutagenObjectType: PlacedObject
FormKey: 001040:CoraCoeMultiversalBookHunter.esm
Base: 24F0F6:Starfield.esm
Layer: 233FF8:Starfield.esm
Position: -102.00963, 96.19964, -27.771217
Rotation: 0.057676096, -0.09354454, 6.277792
