MutagenObjectType: PlacedObject
FormKey: 00103D:CoraCoeMultiversalBookHunter.esm
Base: 06F751:Starfield.esm
Layer: 233FF7:Starfield.esm
Position: -107.16938, 90.56016, -32.78359
Rotation: 0.08930807, -0.045049842, 3.607574
