MutagenObjectType: PlacedObject
FormKey: 001001:CoraCoeMultiversalBookHunter.esm
Base: 06F745:Starfield.esm
Layer: 233FF7:Starfield.esm
Scale: 1.0699999
Position: -69.566414, 78.458496, -13.081731
Rotation: 0.0453078, 0.041687217, 3.111505
