MutagenObjectType: PlacedObject
FormKey: 001055:CoraCoeMultiversalBookHunter.esm
Base: 224973:Starfield.esm
Layer: 233FF7:Starfield.esm
Scale: 1.17
Position: -60.580963, 91.76825, -12.332782
Rotation: -0.10268617, 0.13871942, 0.69454366
