MutagenObjectType: PlacedObject
FormKey: 00103C:CoraCoeMultiversalBookHunter.esm
Base: 012366:Starfield.esm
Layer: 233FF8:Starfield.esm
Position: -110.5626, 95.47284, -32.475742
Rotation: -0.049855918, 0.11694192, 3.7681048
