MutagenObjectType: PlacedObject
FormKey: 00102D:CoraCoeMultiversalBookHunter.esm
Base: 06F74D:Starfield.esm
Layer: 233FF7:Starfield.esm
Position: -128.1021, 127.66444, -31.401339
Rotation: -0.13542785, 0.41551918, 2.3120496
