MutagenObjectType: PlacedObject
FormKey: 001008:CoraCoeMultiversalBookHunter.esm
Base: 012368:Starfield.esm
Layer: 233FF8:Starfield.esm
Position: -41.734245, 89.805695, -4.6997766
Rotation: 0.017009351, 0.1808915, 0.60306025
