MutagenObjectType: PlacedObject
FormKey: 001057:CoraCoeMultiversalBookHunter.esm
Base: 367180:Starfield.esm
Position: -120.39959, 121.1458, -30.275671
Rotation: 0, -0, 2.3129935
