MutagenObjectType: PlacedObject
FormKey: 001024:CoraCoeMultiversalBookHunter.esm
Base: 12F2DB:Starfield.esm
Layer: 233FF8:Starfield.esm
Position: -102.97553, 103.26467, -28.882717
Rotation: 0.10934889, 0.4733398, 2.972804
