MutagenObjectType: PlacedObject
FormKey: 00105F:CoraCoeMultiversalBookHunter.esm
Base: 20748C:Starfield.esm
Position: -104.67305, 94.875885, -27.466501
Rotation: 0.015421414, -0.100318916, 6.281641
