MutagenObjectType: PlacedObject
FormKey: 001000:CoraCoeMultiversalBookHunter.esm
Base: 06F745:Starfield.esm
Layer: 233FF7:Starfield.esm
Scale: 1.0699999
Position: -68.918755, 73.35086, -12.513693
Rotation: 0.019100374, 0.14931792, 5.615467
