MutagenObjectType: PlacedObject
FormKey: 001031:CoraCoeMultiversalBookHunter.esm
Base: 2F063A:Starfield.esm
Layer: 233FF8:Starfield.esm
Position: -120.8286, 123.916214, -30.306364
Rotation: -0.056852043, 0.06784901, 3.096177
