MutagenObjectType: PlacedObject
FormKey: 001051:CoraCoeMultiversalBookHunter.esm
Base: 06F750:Starfield.esm
Layer: 233FF7:Starfield.esm
Scale: 1.11
Position: -25.851517, 94.13234, -3.7680507
Rotation: -0.07615245, 0.1293568, 2.607454
