MutagenObjectType: PlacedObject
FormKey: 00102B:CoraCoeMultiversalBookHunter.esm
Base: 06F3A6:Starfield.esm
Layer: 233FF8:Starfield.esm
Position: -116.57566, 119.91916, -30.356686
Rotation: 0.019065363, 0.019603105, 2.3101294
