MutagenObjectType: PlacedObject
FormKey: 00102E:CoraCoeMultiversalBookHunter.esm
Base: 1339B7:Starfield.esm
Layer: 233FF8:Starfield.esm
Scale: 0.57
Position: -110.51273, 113.0415, -31.384352
Rotation: -0.03336828, -0.01761107, 4.312622
