MutagenObjectType: PlacedObject
FormKey: 001029:CoraCoeMultiversalBookHunter.esm
Base: 27D87E:Starfield.esm
Layer: 233FF7:Starfield.esm
Position: -118.64991, 104.58858, -32.74367
Rotation: -1.1250248, 0.24922676, 0.30105966
