MutagenObjectType: PlacedObject
FormKey: 00100E:CoraCoeMultiversalBookHunter.esm
Base: 06F751:Starfield.esm
Layer: 233FF7:Starfield.esm
Position: -84.25676, 85.84497, -18.988087
Rotation: 0.15255709, -0.15175958, 5.108159
