MutagenObjectType: PlacedObject
FormKey: 001009:CoraCoeMultiversalBookHunter.esm
Base: 06F751:Starfield.esm
Layer: 233FF7:Starfield.esm
Position: -71.2533, 95.84932, 4.4459496
Rotation: -0.25490266, 0.033661634, 1.6401068
