MutagenObjectType: PlacedObject
FormKey: 00105D:CoraCoeMultiversalBookHunter.esm
Base: 20748B:Starfield.esm
Position: -72.47846, 74.397545, -15.758773
Rotation: 0.05130359, 0.12519793, 5.606598
