MutagenObjectType: PlacedObject
FormKey: 00100B:CoraCoeMultiversalBookHunter.esm
Base: 06F74E:Starfield.esm
Layer: 233FF7:Starfield.esm
Scale: 1.13
Position: -86.621765, 86.848045, -12.350481
Rotation: 3.121094, 0.05076503, 1.7966377
