MutagenObjectType: PlacedObject
FormKey: 001002:CoraCoeMultiversalBookHunter.esm
Base: 06F748:Starfield.esm
Layer: 233FF7:Starfield.esm
Scale: 1.13
Position: -87.11242, 83.74818, -4.939851
Rotation: -0.110941224, -0.022735074, 5.3714094
