MutagenObjectType: PlacedObject
FormKey: 001033:CoraCoeMultiversalBookHunter.esm
Base: 2F063A:Starfield.esm
Layer: 233FF8:Starfield.esm
Position: -125.702995, 128.92786, -29.34526
Rotation: -0.05625797, -0.13128424, 3.0775366
