MutagenObjectType: PlacedObject
FormKey: 001011:CoraCoeMultiversalBookHunter.esm
Base: 012366:Starfield.esm
Layer: 233FF8:Starfield.esm
Position: -89.41095, 77.770615, -16.725458
Rotation: -0.040166, -0.20867816, 1.3083259
