MutagenObjectType: PlacedObject
FormKey: 00101A:CoraCoeMultiversalBookHunter.esm
Base: 06F748:Starfield.esm
Layer: 233FF7:Starfield.esm
Position: -109.860245, 98.35592, -12.176315
Rotation: 0.056644298, -0.1622351, 6.1082625
