MutagenObjectType: PlacedObject
FormKey: 001053:CoraCoeMultiversalBookHunter.esm
Base: 012366:Starfield.esm
Layer: 233FF8:Starfield.esm
Position: -33.31313, 91.140076, -2.5990574
Rotation: -0.11187728, -0.21710257, 0.50980556
