MutagenObjectType: PlacedObject
FormKey: 001041:CoraCoeMultiversalBookHunter.esm
Base: 06F3A0:Starfield.esm
Layer: 233FF7:Starfield.esm
Position: -104.81963, 94.06753, -31.882414
Rotation: 0, -0, 0.066814594
