MutagenObjectType: PlacedObject
FormKey: 00105E:CoraCoeMultiversalBookHunter.esm
Base: 20748C:Starfield.esm
Position: -85.54924, 75.48703, -17.117018
Rotation: 0.09545325, -0.087718375, 4.712389
