MutagenObjectType: PlacedObject
FormKey: 001060:CoraCoeMultiversalBookHunter.esm
Base: 20748C:Starfield.esm
Position: -119.180504, 105.24515, -30.90157
Rotation: 0.15071365, -0.0736529, 4.712389
