MutagenObjectType: PlacedObject
FormKey: 00100A:CoraCoeMultiversalBookHunter.esm
Base: 06F74D:Starfield.esm
Layer: 233FF7:Starfield.esm
Scale: 1.13
Position: -86.147606, 87.55235, -17.978102
Rotation: -3.0664024, -0.09293845, 3.0491254
