MutagenObjectType: PlacedObject
FormKey: 001017:CoraCoeMultiversalBookHunter.esm
Base: 06F74A:Starfield.esm
Layer: 233FF7:Starfield.esm
Position: -114.26217, 126.96494, -14.786978
Rotation: 2.966524, -0.06829763, 2.2956505
