MutagenObjectType: PlacedObject
FormKey: 001027:CoraCoeMultiversalBookHunter.esm
Base: 27D87E:Starfield.esm
Layer: 233FF7:Starfield.esm
Position: -110.532814, 100.04452, -32.973736
Rotation: 0.14602427, 1.5298069, 1.4791065
