MutagenObjectType: PlacedObject
FormKey: 001062:CoraCoeMultiversalBookHunter.esm
Base: 252AAB:Starfield.esm
Position: -123.46418, 111.3503, -30.490816
Rotation: 0, -0, 0.34219196
