MutagenObjectType: PlacedObject
FormKey: 00101C:CoraCoeMultiversalBookHunter.esm
Base: 06F749:Starfield.esm
Layer: 233FF7:Starfield.esm
Scale: 1.1899999
Position: -78.570404, 83.84269, 2.0598574
Rotation: -2.8960826, -0.018330313, 3.1718018
