MutagenObjectType: PlacedObject
FormKey: 00104F:CoraCoeMultiversalBookHunter.esm
Base: 2F063A:Starfield.esm
Layer: 233FF8:Starfield.esm
Position: -22.304873, 93.79138, -2.6270626
Rotation: -0.034101043, 0.14641985, 3.828208
