MutagenObjectType: PlacedObject
FormKey: 001067:CoraCoeMultiversalBookHunter.esm
Base: 2312B6:Starfield.esm
SourcePackIn: 32C7B8:Starfield.esm
Position: -122.86014, 118.380035, -30.515083
Rotation: 0, -0, 5.5251856
