MutagenObjectType: PlacedObject
FormKey: 001026:CoraCoeMultiversalBookHunter.esm
Base: 012368:Starfield.esm
Layer: 233FF8:Starfield.esm
Position: -109.34735, 101.71913, -31.610224
Rotation: -0.114312075, 0.18786642, 6.261747
