MutagenObjectType: PlacedObject
FormKey: 001003:CoraCoeMultiversalBookHunter.esm
Base: 2C4F85:Starfield.esm
Layer: 233FF7:Starfield.esm
Scale: 1.13
Position: -92.155685, 85.309, -12.319075
Rotation: -0.1841302, -0.024622515, 4.6399326
