MutagenObjectType: PlacedObject
FormKey: 00102C:CoraCoeMultiversalBookHunter.esm
Base: 06F3A6:Starfield.esm
Layer: 233FF8:Starfield.esm
Position: -118.84044, 129.25365, -29.441002
Rotation: -0.16505857, 0.022731759, 5.557754
