MutagenObjectType: PlacedObject
FormKey: 00101E:CoraCoeMultiversalBookHunter.esm
Base: 06F748:Starfield.esm
Layer: 233FF7:Starfield.esm
Scale: 1.41
Position: -78.54917, 92.57465, 6.255003
Rotation: -0.23545551, 0.18282369, 1.5341152
