MutagenObjectType: PlacedObject
FormKey: 001047:CoraCoeMultiversalBookHunter.esm
Base: 2F063A:Starfield.esm
Layer: 233FF8:Starfield.esm
Position: -83.0494, 95.84994, -17.41244
Rotation: -0.091832966, 0.17097639, 6.272059
