MutagenObjectType: PlacedObject
FormKey: 001058:CoraCoeMultiversalBookHunter.esm
Base: 0F3D3C:Starfield.esm
Position: -127.91467, 126.33371, -29.2623
Rotation: -0.04263189, -0.08330397, 2.3607044
