MutagenObjectType: PlacedObject
FormKey: 00105C:CoraCoeMultiversalBookHunter.esm
Base: 204006:Starfield.esm
Position: -85.01958, 87.36622, -13.564096
Rotation: 0.014161193, -0.03218249, 6.2827296
