MutagenObjectType: PlacedObject
FormKey: 001010:CoraCoeMultiversalBookHunter.esm
Base: 2F063A:Starfield.esm
Layer: 233FF8:Starfield.esm
Position: -89.780266, 80.27856, -16.580908
Rotation: -0.040166058, -0.208678, 2.408326
