MutagenObjectType: PlacedObject
FormKey: 0011EE:CoraCoeMultiversalBookHunter.esm
MajorRecordFlagsRaw: 256
StarfieldMajorRecordFlags:
- 0x100
Base: 12122C:Starfield.esm
Radius: 47.736225
Lighting:
  Fade1PlusMinus: 0.03974012
  Unknown1: 2880154539
  Unknown2: 2880154368
LightVolumetricData: 78
Layer: 1E9BFB:Starfield.esm
Position: -72.679665, 7.1044903, 19.975868
