MutagenObjectType: PlacedObject
FormKey: 0011DB:CoraCoeMultiversalBookHunter.esm
Base: 06F39E:Starfield.esm
Layer: 001DC5:CoraCoeMultiversalBookHunter.esm
Scale: 0.65
Position: -56.908478, -24.056736, 15.929608
Rotation: 0.14687857, -0.11648458, 4.712389
