MutagenObjectType: PlacedObject
FormKey: 0011C5:CoraCoeMultiversalBookHunter.esm
Base: 24F0F6:Starfield.esm
Layer: 001DC5:CoraCoeMultiversalBookHunter.esm
Position: -52.864227, 40.139824, 14.912206
Rotation: -0.08369384, 0.0871454, 5.1166816
