MutagenObjectType: PlacedObject
FormKey: 0011C6:CoraCoeMultiversalBookHunter.esm
Base: 24F0F8:Starfield.esm
Layer: 001DC5:CoraCoeMultiversalBookHunter.esm
Position: -51.697308, 39.8108, 14.743831
Rotation: 0.15684369, -0.16596533, 5.0891986
