MutagenObjectType: PlacedObject
FormKey: 0011AE:CoraCoeMultiversalBookHunter.esm
Base: 161B6C:Starfield.esm
Position: -28.089804, -3.054193, 37.10093
Rotation: -0.11844825, -0.1304238, 0.015475348
