MutagenObjectType: PlacedObject
FormKey: 0011D9:CoraCoeMultiversalBookHunter.esm
Base: 06F39E:Starfield.esm
Layer: 001DC5:CoraCoeMultiversalBookHunter.esm
Scale: 0.65
Position: -60.447823, -24.791769, 16.191143
Rotation: 0.06323682, 0.14166749, 4.962268
