MutagenObjectType: PlacedObject
FormKey: 0011DF:CoraCoeMultiversalBookHunter.esm
Base: 03953A:Starfield.esm
ConstrainedDecal: 4.6799994, 3.8500006, 1.5
Layer: 001DC4:CoraCoeMultiversalBookHunter.esm
Position: -80.4, -19.2, 17.300001
Rotation: -2.9803464, -0.069261834, 4.8233624
