MutagenObjectType: PlacedObject
FormKey: 0011E7:CoraCoeMultiversalBookHunter.esm
Base: 03953A:Starfield.esm
ConstrainedDecal: 4.05, 3.8899994, 1.5
Layer: 001DC4:CoraCoeMultiversalBookHunter.esm
Position: -15.1422615, 46.462296, 17.610964
Rotation: 2.8562214, 0.019095981, 1.5707964
