MutagenObjectType: PlacedObject
FormKey: 0011EB:CoraCoeMultiversalBookHunter.esm
Base: 132A06:Starfield.esm
Layer: 001DC3:CoraCoeMultiversalBookHunter.esm
Position: -83.4932, -32.967503, 16.819204
Rotation: -0.054745547, -0.30064893, 1.4696797
