MutagenObjectType: PlacedObject
FormKey: 0011E3:CoraCoeMultiversalBookHunter.esm
Base: 03953A:Starfield.esm
ConstrainedDecal: 2.2704985, 1.6800003, 1.5
Layer: 001DC4:CoraCoeMultiversalBookHunter.esm
Position: -55.789246, 25.014177, 15.715137
Rotation: -2.9635875, -0.10590917, 1.5707964
