MutagenObjectType: PlacedObject
FormKey: 0011B0:CoraCoeMultiversalBookHunter.esm
Base: 161B6C:Starfield.esm
Position: -3.5447974, -13.99216, 36.324505
Rotation: 0.043904886, 0.027901059, 5.4829006
