MutagenObjectType: PlacedObject
FormKey: 0011DC:CoraCoeMultiversalBookHunter.esm
Base: 06F39E:Starfield.esm
Layer: 001DC5:CoraCoeMultiversalBookHunter.esm
Scale: 0.65
Position: -59.682133, -20.959196, 15.987804
Rotation: 0.22911824, -0.042118557, 4.689678
