MutagenObjectType: PlacedObject
FormKey: 0011ED:CoraCoeMultiversalBookHunter.esm
Base: 0704E0:Starfield.esm
Layer: 001DC5:CoraCoeMultiversalBookHunter.esm
Position: -106.14319, -47.605324, 15.999817
Rotation: 2.5255956E-08, 7.257901E-08, 4.1887827
