MutagenObjectType: PlacedObject
FormKey: 0011CF:CoraCoeMultiversalBookHunter.esm
Base: 071471:Starfield.esm
Layer: 001DC5:CoraCoeMultiversalBookHunter.esm
Position: -95.62211, -11.018504, 15.731537
Rotation: 0.019094095, -0.0190908, 2.3560195
