MutagenObjectType: PlacedObject
FormKey: 0011E1:CoraCoeMultiversalBookHunter.esm
Base: 03953A:Starfield.esm
ConstrainedDecal: 3.3699987, 2.6000006, 1.5
Layer: 001DC4:CoraCoeMultiversalBookHunter.esm
Position: -74.9, 9.8, 14.2
Rotation: 3.0481615, 0.06684803, 1.8696504
