MutagenObjectType: PlacedObject
FormKey: 0011B1:CoraCoeMultiversalBookHunter.esm
Base: 161B68:Starfield.esm
Position: -10.513322, -10.251401, 35.29696
Rotation: -0.07723107, 0.009092741, 5.2335625
