MutagenObjectType: PlacedObject
FormKey: 0011E5:CoraCoeMultiversalBookHunter.esm
Base: 1CCF47:Starfield.esm
Layer: 001DC7:CoraCoeMultiversalBookHunter.esm
Position: -22.378609, 33.453743, 19.460072
Rotation: -1.4617053, 0.5569277, 1.3815011
