MutagenObjectType: PlacedObject
FormKey: 0011E8:CoraCoeMultiversalBookHunter.esm
Base: 03953A:Starfield.esm
ConstrainedDecal: 4.05, 3.8899994, 1.5
Layer: 001DC4:CoraCoeMultiversalBookHunter.esm
Position: -13.162986, 44.70379, 17.610964
Rotation: 2.8562214, 0.019095981, 1.5707964
