MutagenObjectType: PlacedObject
FormKey: 0011EC:CoraCoeMultiversalBookHunter.esm
Base: 0FA97A:Starfield.esm
Layer: 001DC3:CoraCoeMultiversalBookHunter.esm
Position: -83.644615, -32.584736, 16.896807
Rotation: -0.031674467, -0.19319528, 1.9259479
