MutagenObjectType: PlacedObject
FormKey: 0011DA:CoraCoeMultiversalBookHunter.esm
Base: 06F39E:Starfield.esm
Layer: 001DC5:CoraCoeMultiversalBookHunter.esm
Scale: 0.65
Position: -56.174618, -22.9707, 15.775282
Rotation: -0.025693838, 0.20273155, 6.278011
