MutagenObjectType: PlacedObject
FormKey: 0011CB:CoraCoeMultiversalBookHunter.esm
Base: 224975:Starfield.esm
Layer: 001DC5:CoraCoeMultiversalBookHunter.esm
Position: -48.31885, -9.126721, 30.372711
Rotation: -0.08455408, -0.02741233, 5.573904
