MutagenObjectType: PlacedObject
FormKey: 0011C9:CoraCoeMultiversalBookHunter.esm
Base: 029ADB:Starfield.esm
Layer: 001DC5:CoraCoeMultiversalBookHunter.esm
Position: -51.180225, 26.709671, 16.772892
Rotation: 1.6620232, 1.0346016, 4.7412486
