MutagenObjectType: PlacedObject
FormKey: 0011C8:CoraCoeMultiversalBookHunter.esm
Base: 2F063A:Starfield.esm
Layer: 001DC5:CoraCoeMultiversalBookHunter.esm
Position: -50.787483, 30.97724, 16.362911
Rotation: 0.20299695, 0.19354463, 1.5496839
