MutagenObjectType: PlacedObject
FormKey: 0011DE:CoraCoeMultiversalBookHunter.esm
Base: 03953A:Starfield.esm
ConstrainedDecal: 4.6799994, 3.8500006, 1.5
Layer: 001DC4:CoraCoeMultiversalBookHunter.esm
Position: -84.1, -16.800001, 17.4
Rotation: 2.9997637, -0.10350068, 0.6531337
