MutagenObjectType: PlacedObject
FormKey: 0011E6:CoraCoeMultiversalBookHunter.esm
Base: 132A06:Starfield.esm
Layer: 001DC3:CoraCoeMultiversalBookHunter.esm
Position: -22.80092, 33.154625, 19.407866
Rotation: -0.06853763, 0.15236618, 3.1517804
