MutagenObjectType: PlacedObject
FormKey: 0011E2:CoraCoeMultiversalBookHunter.esm
Base: 03953A:Starfield.esm
ConstrainedDecal: 3.3699987, 2.6000006, 1.5
Layer: 001DC4:CoraCoeMultiversalBookHunter.esm
Position: -68.6, 18.300001, 13
Rotation: 3.0556743, -0.0762719, 0.5260566
