MutagenObjectType: PlacedObject
FormKey: 0011DD:CoraCoeMultiversalBookHunter.esm
Base: 17FED2:Starfield.esm
Layer: 001DC7:CoraCoeMultiversalBookHunter.esm
Position: -57.268307, -24.318403, 16.67731
Rotation: 0.04022929, -0.18432641, 6.2758083
