MutagenObjectType: PlacedObject
FormKey: 0011C7:CoraCoeMultiversalBookHunter.esm
Base: 013D95:Starfield.esm
Layer: 001DC5:CoraCoeMultiversalBookHunter.esm
Position: -49.225307, 42.86785, 15.321768
Rotation: -0.101443574, -0.16275787, 6.0985184
