MutagenObjectType: PlacedObject
FormKey: 001207:CoraCoeMultiversalBookHunter.esm
Base: 01A21B:Starfield.esm
Layer: 001DC3:CoraCoeMultiversalBookHunter.esm
Position: -55.016064, 41.080376, 38.146027
Rotation: 1.812574E-08, 3.5407144E-08, 1.2
