MutagenObjectType: PlacedObject
FormKey: 001218:CoraCoeMultiversalBookHunter.esm
Base: 012383:Starfield.esm
Layer: 001DC3:CoraCoeMultiversalBookHunter.esm
Scale: 1.01
Position: -55.815292, 20.509993, 36.767967
Rotation: 0.085599385, 0.024379363, 4.712389
