MutagenObjectType: PlacedObject
FormKey: 001215:CoraCoeMultiversalBookHunter.esm
Base: 012381:Starfield.esm
Layer: 001DC3:CoraCoeMultiversalBookHunter.esm
Scale: 1.05
Position: -47.69595, 12.286197, 39.4358
Rotation: -0.17617783, 0.35425764, 6.2215123
