MutagenObjectType: PlacedObject
FormKey: 001258:CoraCoeMultiversalBookHunter.esm
Base: 03953A:Starfield.esm
ConstrainedDecal: 2.800001, 3.09, 0.5
Layer: 001DC4:CoraCoeMultiversalBookHunter.esm
Position: -48.383644, 11.025504, 39.445316
Rotation: 3.0082045, -0.08240195, 1.5707964
