MutagenObjectType: PlacedObject
FormKey: 001216:CoraCoeMultiversalBookHunter.esm
Base: 013D95:Starfield.esm
Layer: 001DC5:CoraCoeMultiversalBookHunter.esm
Scale: 1.1899999
Position: -52.59355, 9.72891, 39.14674
Rotation: 0.23990503, -0.115386516, 3.9221468
