MutagenObjectType: PlacedObject
FormKey: 00120F:CoraCoeMultiversalBookHunter.esm
Base: 06F39E:Starfield.esm
Layer: 001DC5:CoraCoeMultiversalBookHunter.esm
Scale: 1.1899999
Position: -45.6034, 10.328008, 39.91913
Rotation: 0.084506534, 0.3526581, 2.9164996
