MutagenObjectType: PlacedObject
FormKey: 001219:CoraCoeMultiversalBookHunter.esm
Base: 012381:Starfield.esm
Layer: 001DC3:CoraCoeMultiversalBookHunter.esm
Scale: 0.64
Position: -55.120834, 20.978058, 37.59549
Rotation: 0.5076202, -0.22512956, 4.712389
