MutagenObjectType: PlacedObject
FormKey: 0013FD:CoraCoeMultiversalBookHunter.esm
Base: 244CC2:Starfield.esm
Layer: 001DC7:CoraCoeMultiversalBookHunter.esm
Position: -61.367126, 43.278725, 38.646053
Rotation: -2.6429337E-08, 2.9723974E-08, 4.8921857
