MutagenObjectType: PlacedObject
FormKey: 00139D:CoraCoeMultiversalBookHunter.esm
Base: 06F39E:Starfield.esm
Layer: 001DC5:CoraCoeMultiversalBookHunter.esm
Scale: 1.1899999
Position: -66.33614, 41.42102, 39.43732
Rotation: -0.031981934, -0.21845688, 5.9913735
