MutagenObjectType: PlacedObject
FormKey: 0013E6:CoraCoeMultiversalBookHunter.esm
Base: 2514CA:Starfield.esm
Layer: 001DC3:CoraCoeMultiversalBookHunter.esm
Position: -44.54903, 44.409145, 34.521603
Rotation: -1.5707965, 0.46739706, 1.5707964
