MutagenObjectType: PlacedObject
FormKey: 0013B5:CoraCoeMultiversalBookHunter.esm
Base: 26BA64:Starfield.esm
Layer: 001DC7:CoraCoeMultiversalBookHunter.esm
Position: -29.207203, 40.880672, 18.128143
Rotation: 3.0361774, 0.0016556167, 4.712389
