MutagenObjectType: PlacedObject
FormKey: 0013F8:CoraCoeMultiversalBookHunter.esm
Base: 192E56:Starfield.esm
Layer: 001DC3:CoraCoeMultiversalBookHunter.esm
Position: -52.016766, 45.89305, 38.457214
Rotation: -0.10558318, 0.032885868, 1.9034691
