MutagenObjectType: PlacedObject
FormKey: 0013B0:CoraCoeMultiversalBookHunter.esm
Base: 26BA64:Starfield.esm
Layer: 001DC7:CoraCoeMultiversalBookHunter.esm
Position: -44.550007, 18.711615, 38.311237
Rotation: 0.15102161, 0.013825581, 5.6418223
