MutagenObjectType: PlacedObject
FormKey: 001391:CoraCoeMultiversalBookHunter.esm
MajorRecordFlagsRaw: 256
StarfieldMajorRecordFlags:
- 0x100
Components:
- MutagenObjectType: ContactShadowComponent
  Items:
  - Unknown1: 0.009
    Unknown2: 3
    Unknown3: 10
    Unknown4: 0.2
    Unknown5: 0.06
Base: 1A4E58:Starfield.esm
Radius: 18.25866
Lighting:
  Fov90PlusMinus: 30
  Fade1PlusMinus: 0.55960894
  EndDistanceCap: 22.567583
  ShadowDepthBias: 0.15
  Unknown1: 2880154539
  Unknown2: 2880154368
LightArea:
  Data: 0x00000000666666BF0000000000000000
LightStaticShadowMap: True
LightVolumetricData: 1.1
Layer: 2FF936:Starfield.esm
LightRoundedness:
  Data: 0x0000000000000000000000000000000001ABABAB
Position: -87.01316, -40.90705, 19.522348
Rotation: -0.16681616, -0.6979039, 3.6028175
