MutagenObjectType: PlacedObject
FormKey: 0013D4:CoraCoeMultiversalBookHunter.esm
Base: 0D789C:Starfield.esm
Layer: 001DC7:CoraCoeMultiversalBookHunter.esm
Position: -39.65564, 31.593607, 19.161285
Rotation: -0.04059543, -0.03555625, 4.9625263
