MutagenObjectType: PlacedObject
FormKey: 0013E2:CoraCoeMultiversalBookHunter.esm
Base: 2514D2:Starfield.esm
Layer: 001DC3:CoraCoeMultiversalBookHunter.esm
Position: -46.334526, 45.310284, 38.521603
Rotation: -1.5707965, 0.46739736, 0
