MutagenObjectType: PlacedObject
FormKey: 0013AD:CoraCoeMultiversalBookHunter.esm
Base: 26BA64:Starfield.esm
Layer: 001DC7:CoraCoeMultiversalBookHunter.esm
Position: -38.166405, -18.502817, 30.505684
Rotation: -1.2029247, 0.6542797, 5.276916
