MutagenObjectType: PlacedObject
FormKey: 0013EE:CoraCoeMultiversalBookHunter.esm
Base: 0378C4:Starfield.esm
Layer: 001DC7:CoraCoeMultiversalBookHunter.esm
Position: -61.326546, 42.374477, 38.235825
Rotation: -1.5688022, 0.050818782, 5.901438
