MutagenObjectType: PlacedObject
FormKey: 0013FE:CoraCoeMultiversalBookHunter.esm
Base: 018C69:Starfield.esm
Layer: 001DC7:CoraCoeMultiversalBookHunter.esm
Position: -54.976624, 48.898285, 39.165905
Rotation: -0.13751274, -0.041238837, 5.512389
