MutagenObjectType: PlacedObject
FormKey: 0013B6:CoraCoeMultiversalBookHunter.esm
Base: 26BA64:Starfield.esm
Layer: 001DC7:CoraCoeMultiversalBookHunter.esm
Position: -47.607224, 54.619667, 32.011272
Rotation: 1.6466299, -0.57091177, 5.9826326
