MutagenObjectType: PlacedObject
FormKey: 0013D3:CoraCoeMultiversalBookHunter.esm
Base: 237540:Starfield.esm
LayeredMaterialSwaps:
- 36308F:Starfield.esm
Layer: 001DC3:CoraCoeMultiversalBookHunter.esm
Position: -52.993195, 44.368195, 38.46367
Rotation: 0.05592593, -0.056658186, 6.2800155
