MutagenObjectType: PlacedObject
FormKey: 0013FB:CoraCoeMultiversalBookHunter.esm
Base: 016995:Starfield.esm
Layer: 001DC3:CoraCoeMultiversalBookHunter.esm
Position: -47.133545, 20.566813, 36.40115
Rotation: 0.11854922, -0.03071452, 2.5916011
