MutagenObjectType: PlacedObject
FormKey: 0013E9:CoraCoeMultiversalBookHunter.esm
Base: 2514CA:Starfield.esm
Layer: 001DC3:CoraCoeMultiversalBookHunter.esm
Position: -44.27489, 44.62956, 22.487034
Rotation: -1.6026896, 0.4644984, 1.4499258
