MutagenObjectType: PlacedObject
FormKey: 00139C:CoraCoeMultiversalBookHunter.esm
Base: 013D95:Starfield.esm
Layer: 001DC5:CoraCoeMultiversalBookHunter.esm
Position: -62.396835, 29.74523, 38.699783
Rotation: 0.19808185, 0.009694372, 3.1342971
