MutagenObjectType: PlacedObject
FormKey: 0013F7:CoraCoeMultiversalBookHunter.esm
Base: 192E58:Starfield.esm
Layer: 001DC3:CoraCoeMultiversalBookHunter.esm
Position: -48.94326, 47.218773, 38.689537
Rotation: -0.08465614, 0.08892602, 6.2756495
