MutagenObjectType: PlacedObject
FormKey: 001390:CoraCoeMultiversalBookHunter.esm
MajorRecordFlagsRaw: 256
StarfieldMajorRecordFlags:
- 0x100
Components:
- MutagenObjectType: ContactShadowComponent
  Items:
  - Unknown1: 0.009
    Unknown2: 3
    Unknown3: 10
    Unknown4: 0.2
    Unknown5: 0.06
Base: 1A4E58:Starfield.esm
Radius: 28.934021
Lighting:
  Fov90PlusMinus: 30
  Fade1PlusMinus: 1.6
  EndDistanceCap: 22.567583
  ShadowDepthBias: 0.15
  Unknown1: 2880154539
  Unknown2: 2880154368
LightArea:
  Data: 0x00000000666666BF0000000000000000
LightStaticShadowMap: False
LightVolumetricData: 2.1
Layer: 0011A1:Starfield.esm
Position: -86.99113, -40.962578, 19.20158
Rotation: 0.16347039, 0.25181767, 3.4575124
