MutagenObjectType: PlacedObject
FormKey: 00138F:CoraCoeMultiversalBookHunter.esm
Base: 071471:Starfield.esm
Layer: 001DC5:CoraCoeMultiversalBookHunter.esm
Position: -64.137764, -25.625559, 15.34543
Rotation: 0.020294502, 0.04788402, 6.0212164
