MutagenObjectType: PlacedObject
FormKey: 0013B4:CoraCoeMultiversalBookHunter.esm
Base: 26BA64:Starfield.esm
Layer: 001DC7:CoraCoeMultiversalBookHunter.esm
Position: -28.262241, 39.62733, 17.172976
Rotation: 1.4412688, -0.36623147, 0.04660931
