MutagenObjectType: PlacedObject
FormKey: 001397:CoraCoeMultiversalBookHunter.esm
Base: 24F0F8:Starfield.esm
Layer: 001DC5:CoraCoeMultiversalBookHunter.esm
Scale: 1.1899999
Position: -46.737125, 16.548965, 38.106533
Rotation: 0.37292078, 0.23789501, 4.7867656
