MutagenObjectType: PlacedObject
FormKey: 0013E4:CoraCoeMultiversalBookHunter.esm
Base: 2514CA:Starfield.esm
Layer: 001DC3:CoraCoeMultiversalBookHunter.esm
Position: -44.24977, 44.60509, 24.501848
Rotation: -1.5780841, 0.46433023, 1.5839472
