MutagenObjectType: PlacedObject
FormKey: 0013AB:CoraCoeMultiversalBookHunter.esm
Base: 26BA64:Starfield.esm
Layer: 001DC7:CoraCoeMultiversalBookHunter.esm
Position: -72.771065, -17.666733, 18.189072
Rotation: -0.10689964, -0.14062478, 6.2276654
