MutagenObjectType: PlacedObject
FormKey: 0013ED:CoraCoeMultiversalBookHunter.esm
Base: 209FF0:Starfield.esm
Layer: 001DC7:CoraCoeMultiversalBookHunter.esm
Position: -61.26668, 42.04998, 38.192574
Rotation: 0.014406443, -0.00049485994, 3.2362883
