MutagenObjectType: PlacedObject
FormKey: 0013AF:CoraCoeMultiversalBookHunter.esm
Base: 26BA64:Starfield.esm
Layer: 001DC7:CoraCoeMultiversalBookHunter.esm
Position: -65.05098, 11.924717, 40.001984
Rotation: 1.5410628, 0.33480498, 3.2473388
