MutagenObjectType: PlacedObject
FormKey: 0013DB:CoraCoeMultiversalBookHunter.esm
Base: 0991B0:Starfield.esm
Layer: 001DC3:CoraCoeMultiversalBookHunter.esm
Position: -44.695168, 44.27002, 14.613732
Rotation: -0.5663016, 0.07315295, 3.139763
