MutagenObjectType: PlacedObject
FormKey: 0013A9:CoraCoeMultiversalBookHunter.esm
Base: 26BA64:Starfield.esm
Layer: 001DC7:CoraCoeMultiversalBookHunter.esm
Position: -37.9603, 25.269192, 19.788942
Rotation: 0.5949249, -0.48102427, 4.6972485
