MutagenObjectType: PlacedObject
FormKey: 0013AC:CoraCoeMultiversalBookHunter.esm
Base: 26BA64:Starfield.esm
Layer: 001DC7:CoraCoeMultiversalBookHunter.esm
Position: -76.0323, -17.559874, 18.173481
Rotation: -1.2043649, -0.06608934, 5.2013826
