MutagenObjectType: PlacedObject
FormKey: 0013BC:CoraCoeMultiversalBookHunter.esm
Base: 0704E0:Starfield.esm
Layer: 001DC5:CoraCoeMultiversalBookHunter.esm
Position: -67.830505, -40.53745, 16.445251
Rotation: 0.11884887, 0.03175997, 1.3108863
