MutagenObjectType: PlacedObject
FormKey: 0013B9:CoraCoeMultiversalBookHunter.esm
Base: 012381:Starfield.esm
Layer: 001DC5:CoraCoeMultiversalBookHunter.esm
Position: -56.036804, -28.48476, 16.109207
Rotation: 0.016363775, 0.02029863, 0.0003321688
