MutagenObjectType: PlacedObject
FormKey: 0013B7:CoraCoeMultiversalBookHunter.esm
Base: 0132D2:Starfield.esm
Layer: 001DC5:CoraCoeMultiversalBookHunter.esm
Position: -54.192398, -28.74835, 16.457535
Rotation: 0.7380663, -0.19016795, 5.73159
