MutagenObjectType: PlacedObject
FormKey: 00139A:CoraCoeMultiversalBookHunter.esm
Base: 013D95:Starfield.esm
Layer: 001DC5:CoraCoeMultiversalBookHunter.esm
Position: -66.1351, 29.002472, 38.59799
Rotation: 0.25454757, 0.14457026, 5.898954
