MutagenObjectType: PlacedObject
FormKey: 0013E7:CoraCoeMultiversalBookHunter.esm
Base: 2514CA:Starfield.esm
Layer: 001DC3:CoraCoeMultiversalBookHunter.esm
Position: -44.54903, 44.409145, 30.521605
Rotation: -1.6688323, 0.46184576, 1.4728463
