MutagenObjectType: PlacedObject
FormKey: 0013F4:CoraCoeMultiversalBookHunter.esm
Base: 237542:Starfield.esm
LayeredMaterialSwaps:
- 36308B:Starfield.esm
Layer: 001DC3:CoraCoeMultiversalBookHunter.esm
Position: -55.04551, 48.772263, 38.582893
Rotation: -0.13753563, -0.041238833, 4.712389
