MutagenObjectType: PlacedObject
FormKey: 0013D8:CoraCoeMultiversalBookHunter.esm
Base: 237541:Starfield.esm
LayeredMaterialSwaps:
- 36308B:Starfield.esm
Layer: 001DC3:CoraCoeMultiversalBookHunter.esm
Position: -35.352497, 35.145046, 35.671318
Rotation: 0.11579781, 0.068238564, 4.712389
