MutagenObjectType: PlacedObject
FormKey: 00139B:CoraCoeMultiversalBookHunter.esm
Base: 2F063A:Starfield.esm
Layer: 001DC5:CoraCoeMultiversalBookHunter.esm
Position: -67.70142, 29.433643, 38.304195
Rotation: -0.019984534, 0.033253126, 5.1643496
