MutagenObjectType: PlacedObject
FormKey: 001398:CoraCoeMultiversalBookHunter.esm
Base: 06F39E:Starfield.esm
Layer: 001DC5:CoraCoeMultiversalBookHunter.esm
Position: -46.507835, 17.849817, 36.880646
Rotation: 0.26129064, 0.12926783, 4.2786827
