MutagenObjectType: PlacedObject
FormKey: 0013F3:CoraCoeMultiversalBookHunter.esm
Base: 0991B0:Starfield.esm
Layer: 001DC3:CoraCoeMultiversalBookHunter.esm
Position: -56.593266, 48.282825, 38.45871
Rotation: 0.4385315, 0.37597045, 5.5675845
