MutagenObjectType: PlacedObject
FormKey: 0013F9:CoraCoeMultiversalBookHunter.esm
Base: 28B378:Starfield.esm
Layer: 001DC3:CoraCoeMultiversalBookHunter.esm
Position: -51.88206, 46.27199, 39.382217
Rotation: -1.6886674, 0.35746932, 1.5106908
