MutagenObjectType: PlacedObject
FormKey: 001394:CoraCoeMultiversalBookHunter.esm
Base: 24F0F6:Starfield.esm
Layer: 001DC5:CoraCoeMultiversalBookHunter.esm
Position: -21.98326, 31.197073, 40.474113
Rotation: 0.4168381, 0.17350203, 1.8205507
