MutagenObjectType: PlacedObject
FormKey: 0013AA:CoraCoeMultiversalBookHunter.esm
Base: 26BA64:Starfield.esm
Layer: 001DC7:CoraCoeMultiversalBookHunter.esm
Position: -39.867146, 27.65235, 20.976059
Rotation: -1.547479, -1.1257044, 3.118376
