MutagenObjectType: PlacedObject
FormKey: 0013DE:CoraCoeMultiversalBookHunter.esm
Base: 2A3248:Starfield.esm
Layer: 001DC3:CoraCoeMultiversalBookHunter.esm
Position: -43.913223, 45.379738, 15.02572
Rotation: 0.870825, 0.14017108, 2.6165853
