MutagenObjectType: PlacedObject
FormKey: 0013F2:CoraCoeMultiversalBookHunter.esm
Base: 237541:Starfield.esm
LayeredMaterialSwaps:
- 36308B:Starfield.esm
Layer: 001DC3:CoraCoeMultiversalBookHunter.esm
Position: -55.77197, 48.161583, 38.51207
Rotation: -0.13069555, -0.03903357, 4.712389
