MutagenObjectType: PlacedObject
FormKey: 0013AE:CoraCoeMultiversalBookHunter.esm
Base: 26BA64:Starfield.esm
Layer: 001DC7:CoraCoeMultiversalBookHunter.esm
Position: -64.44942, 11.546925, 40.926407
Rotation: 0.33194593, 0.0353074, 4.712389
