MutagenObjectType: PlacedObject
FormKey: 0013E0:CoraCoeMultiversalBookHunter.esm
Base: 2514E3:Starfield.esm
Layer: 001DC3:CoraCoeMultiversalBookHunter.esm
Position: -50.11545, 48.56581, 38.81064
Rotation: -0.016820028, -0.06757497, 0.7168326
