MutagenObjectType: PlacedObject
FormKey: 0013D2:CoraCoeMultiversalBookHunter.esm
Base: 237540:Starfield.esm
LayeredMaterialSwaps:
- 36308F:Starfield.esm
Layer: 001DC3:CoraCoeMultiversalBookHunter.esm
Position: -53.506268, 43.536118, 38.522194
Rotation: 0.101349376, -0.0016795957, 5.0783896
