MutagenObjectType: PlacedObject
FormKey: 0013E8:CoraCoeMultiversalBookHunter.esm
Base: 2514CA:Starfield.esm
Layer: 001DC3:CoraCoeMultiversalBookHunter.esm
Position: -44.375725, 44.51717, 28.52551
Rotation: -1.6409199, 0.46279132, 1.485387
