MutagenObjectType: PlacedObject
FormKey: 001395:CoraCoeMultiversalBookHunter.esm
Base: 013D95:Starfield.esm
Layer: 001DC5:CoraCoeMultiversalBookHunter.esm
Position: -22.695894, 31.876686, 39.99212
Rotation: 0.31647605, 0.17436965, 5.3416343
