MutagenObjectType: PlacedObject
FormKey: 0013CF:CoraCoeMultiversalBookHunter.esm
Base: 012382:Starfield.esm
Layer: 001DC5:CoraCoeMultiversalBookHunter.esm
Position: -55.631924, -29.665054, 16.252062
Rotation: 0.0052436395, -0.18687962, 6.2822113
