MutagenObjectType: PlacedObject
FormKey: 001399:CoraCoeMultiversalBookHunter.esm
Base: 013D95:Starfield.esm
Layer: 001DC5:CoraCoeMultiversalBookHunter.esm
Position: -57.263374, 14.645729, 37.646175
Rotation: 0.20478757, 0.019412402, 3.2779484
