MutagenObjectType: PlacedObject
FormKey: 0013BB:CoraCoeMultiversalBookHunter.esm
Base: 0704E0:Starfield.esm
Layer: 001DC5:CoraCoeMultiversalBookHunter.esm
Position: -58.313126, -18.92874, 15.704773
Rotation: 0.009450614, 0.10807077, 6.0237865
