MutagenObjectType: PlacedObject
FormKey: 0013F0:CoraCoeMultiversalBookHunter.esm
Base: 03FD2F:Starfield.esm
Layer: 001DC3:CoraCoeMultiversalBookHunter.esm
Scale: 0.83
Position: -58.729614, 43.743645, 38.146027
Rotation: -2.6432858E-08, 2.9723973E-08, 0.67999977
