MutagenObjectType: PlacedObject
FormKey: 0013E1:CoraCoeMultiversalBookHunter.esm
Base: 2514CA:Starfield.esm
Layer: 001DC3:CoraCoeMultiversalBookHunter.esm
Position: -44.22306, 44.579, 26.520136
Rotation: -1.5780841, 0.46433023, 1.5839472
