MutagenObjectType: PlacedObject
FormKey: 0013FA:CoraCoeMultiversalBookHunter.esm
Base: 1BF52F:Starfield.esm
Layer: 001DC3:CoraCoeMultiversalBookHunter.esm
Position: -47.015553, 19.574482, 36.331
Rotation: 0.0623953, 0.023395259, 0.33263904
