MutagenObjectType: PlacedObject
FormKey: 0013DF:CoraCoeMultiversalBookHunter.esm
Base: 192E58:Starfield.esm
Layer: 001DC3:CoraCoeMultiversalBookHunter.esm
Position: -49.745304, 49.12379, 38.80884
Rotation: -0.12217309, 0.028795423, 3.2877321
