MutagenObjectType: PlacedObject
FormKey: 00144F:CoraCoeMultiversalBookHunter.esm
Base: 251507:Starfield.esm
Layer: 001DC3:CoraCoeMultiversalBookHunter.esm
Position: -66.45898, -27.32113, 15.841485
Rotation: -0.0048962566, 0.09069175, 0.58955604
