MutagenObjectType: PlacedObject
FormKey: 0014D5:CoraCoeMultiversalBookHunter.esm
Base: 06F39E:Starfield.esm
Layer: 001DC5:CoraCoeMultiversalBookHunter.esm
Scale: 0.66999996
Position: -54.486717, 17.547407, 37.09964
Rotation: 0.016252283, -0.014106239, 0.3205839
