MutagenObjectType: PlacedObject
FormKey: 001482:CoraCoeMultiversalBookHunter.esm
Base: 2AC95F:Starfield.esm
Layer: 001DC7:CoraCoeMultiversalBookHunter.esm
Position: -60.479137, -20.676962, 16.260683
Rotation: -0.045774046, 0.07589213, 0.5902408
