MutagenObjectType: PlacedObject
FormKey: 001449:CoraCoeMultiversalBookHunter.esm
Base: 2AC95F:Starfield.esm
Layer: 001DC7:CoraCoeMultiversalBookHunter.esm
Position: -61.77518, -28.515972, 16.126715
Rotation: 0.101112954, 0.08563873, 4.712389
