MutagenObjectType: PlacedObject
FormKey: 001489:CoraCoeMultiversalBookHunter.esm
Base: 012368:Starfield.esm
Layer: 001DC5:CoraCoeMultiversalBookHunter.esm
Scale: 1.9499999
Position: -114.91399, -47.486183, 16.67916
Rotation: -0.38487208, -0.2014851, 0.06620058
