MutagenObjectType: PlacedObject
FormKey: 00149F:CoraCoeMultiversalBookHunter.esm
Base: 24F0F6:Starfield.esm
Layer: 001DC5:CoraCoeMultiversalBookHunter.esm
Scale: 0.71
Position: -62.546677, -22.478046, 16.16692
Rotation: 0.05604087, 0.14464809, 4.9118414
