MutagenObjectType: PlacedObject
FormKey: 0014C6:CoraCoeMultiversalBookHunter.esm
Base: 24F0F6:Starfield.esm
Layer: 001DC5:CoraCoeMultiversalBookHunter.esm
Scale: 0.81
Position: -45.783592, -19.358274, 28.972319
Rotation: 0.07488517, -0.31802103, 4.2018886
