MutagenObjectType: PlacedObject
FormKey: 00147C:CoraCoeMultiversalBookHunter.esm
Base: 255612:Starfield.esm
Layer: 001DC3:CoraCoeMultiversalBookHunter.esm
Position: -55.46872, -22.530632, 16.526804
Rotation: -0.048885427, 0.22919093, 6.272071
