MutagenObjectType: PlacedObject
FormKey: 00143F:CoraCoeMultiversalBookHunter.esm
Base: 1BF52D:Starfield.esm
Layer: 001DC3:CoraCoeMultiversalBookHunter.esm
Position: -58.082462, -30.514538, 16.333744
Rotation: 0.0027219388, -0.046255767, 4.48306
