MutagenObjectType: PlacedObject
FormKey: 001474:CoraCoeMultiversalBookHunter.esm
Base: 2514F5:Starfield.esm
Layer: 001DC7:CoraCoeMultiversalBookHunter.esm
Position: -60.195724, -20.292713, 16.170324
Rotation: -0.031622455, -0.25685167, 3.660307
