MutagenObjectType: PlacedObject
FormKey: 001408:CoraCoeMultiversalBookHunter.esm
Base: 209FF4:Starfield.esm
Layer: 001DC7:CoraCoeMultiversalBookHunter.esm
Position: -61.36989, 41.848072, 38.212795
Rotation: 1.5767936, -0.22143234, 4.716472
