MutagenObjectType: PlacedObject
FormKey: 0014F9:CoraCoeMultiversalBookHunter.esm
Base: 24F0F6:Starfield.esm
Layer: 001DC5:CoraCoeMultiversalBookHunter.esm
Position: -31.099072, 31.845953, 18.410831
Rotation: -0.014042407, 0.118488625, 2.1956115
