MutagenObjectType: PlacedObject
FormKey: 00140C:CoraCoeMultiversalBookHunter.esm
Base: 2AC95F:Starfield.esm
Layer: 001DC7:CoraCoeMultiversalBookHunter.esm
Position: -61.415062, 41.79707, 38.213306
Rotation: -0.2812257, 0.12976345, 6.127508
