MutagenObjectType: PlacedObject
FormKey: 00142B:CoraCoeMultiversalBookHunter.esm
Base: 024366:Starfield.esm
Layer: 001DC3:CoraCoeMultiversalBookHunter.esm
Position: -55.780605, -24.57826, 16.29885
Rotation: -1.538398, 0.0027725345, 6.197847
