MutagenObjectType: PlacedObject
FormKey: 00148A:CoraCoeMultiversalBookHunter.esm
Base: 012368:Starfield.esm
Layer: 001DC5:CoraCoeMultiversalBookHunter.esm
Scale: 1.9499999
Position: -111.930534, -46.788544, 16.275259
Rotation: -0.06408488, -0.013951339, 1.1919333E-07
