MutagenObjectType: PlacedObject
FormKey: 0014C3:CoraCoeMultiversalBookHunter.esm
Base: 03953A:Starfield.esm
ProjectedDecal:
  WidthScale: 1
  HeightScale: 1
  UnknownFloat: 0.95000005
  UnknownInt: 2880154369
ConstrainedDecal: 5.6899996, 3.9360015, 1.5
Layer: 001DC4:CoraCoeMultiversalBookHunter.esm
Position: -46.378555, -22.288536, 29.575045
Rotation: 3.080821, -0.043101873, 2.4929929
