MutagenObjectType: PlacedObject
FormKey: 0014A2:CoraCoeMultiversalBookHunter.esm
Base: 24F0F6:Starfield.esm
Layer: 001DC5:CoraCoeMultiversalBookHunter.esm
Scale: 0.71
Position: -62.981304, -33.037136, 16.429943
Rotation: 0.15471439, 0.01029383, 6.0455775
