MutagenObjectType: PlacedObject
FormKey: 001403:CoraCoeMultiversalBookHunter.esm
Base: 0991A9:Starfield.esm
Layer: 001DC3:CoraCoeMultiversalBookHunter.esm
Position: -58.314304, 43.531612, 38.976025
Rotation: -2.6429388E-08, 2.9724065E-08, 5.5271854
