MutagenObjectType: PlacedObject
FormKey: 0014A7:CoraCoeMultiversalBookHunter.esm
Base: 24F0F6:Starfield.esm
Layer: 001DC5:CoraCoeMultiversalBookHunter.esm
Scale: 0.71
Position: -61.145477, -32.753906, 16.44601
Rotation: -0.15393852, 0.037054528, 2.8375285
