MutagenObjectType: PlacedObject
FormKey: 0014CA:CoraCoeMultiversalBookHunter.esm
Base: 24F0F6:Starfield.esm
Layer: 001DC5:CoraCoeMultiversalBookHunter.esm
Scale: 0.81
Position: -49.893044, -17.79874, 30.06304
Rotation: 0.0741588, 0.013630713, 5.4850345
