MutagenObjectType: PlacedObject
FormKey: 001499:CoraCoeMultiversalBookHunter.esm
Base: 0F4E77:Starfield.esm
ProjectedDecal:
  WidthScale: 1
  HeightScale: 1
  UnknownFloat: 0.625
  UnknownInt: 2880154369
ConstrainedDecal: 5.2, 6.7200003, 1.5
Layer: 001DC4:CoraCoeMultiversalBookHunter.esm
Position: -94.83714, -42.77483, 16.330238
Rotation: 3.0296476, -0.099360615, 5.806883
