MutagenObjectType: PlacedObject
FormKey: 001405:CoraCoeMultiversalBookHunter.esm
XALG: 0x0100000000000000
Base: 25DEE8:Starfield.esm
Layer: 001DC3:CoraCoeMultiversalBookHunter.esm
Position: -52.552868, 43.184944, 38.6465
Rotation: -0.007898737, -0.07368382, 0.0005815045
