MutagenObjectType: PlacedObject
FormKey: 0014BC:CoraCoeMultiversalBookHunter.esm
Base: 24F0F6:Starfield.esm
Layer: 001DC5:CoraCoeMultiversalBookHunter.esm
Scale: 0.96999997
Position: -47.58537, -36.44177, 23.837427
Rotation: -0.66381216, 0.010248191, 5.715464
