MutagenObjectType: PlacedObject
FormKey: 0014EB:CoraCoeMultiversalBookHunter.esm
Base: 012381:Starfield.esm
Layer: 001DC3:CoraCoeMultiversalBookHunter.esm
Scale: 1.43
Position: -81.393776, -25.268524, 15.946925
Rotation: -0.025325308, -0.09806465, 0.0024800594
