MutagenObjectType: PlacedObject
FormKey: 001429:CoraCoeMultiversalBookHunter.esm
Base: 1ACBF4:Starfield.esm
Layer: 001DC3:CoraCoeMultiversalBookHunter.esm
Position: -49.18283, -19.79398, 30.052153
Rotation: -0.020080695, -0.06112593, 2.0996397
