MutagenObjectType: PlacedObject
FormKey: 0014C7:CoraCoeMultiversalBookHunter.esm
Base: 24F0F6:Starfield.esm
Layer: 001DC5:CoraCoeMultiversalBookHunter.esm
Scale: 0.81
Position: -47.414696, -17.587677, 29.40799
Rotation: 0.17920221, -0.17291284, 4.2129
