MutagenObjectType: PlacedObject
FormKey: 00143B:CoraCoeMultiversalBookHunter.esm
Base: 2514F5:Starfield.esm
Layer: 001DC7:CoraCoeMultiversalBookHunter.esm
Position: -53.224155, -27.058031, 16.940794
Rotation: 0.0051214667, 0.3006976, 0.0015169212
