MutagenObjectType: PlacedObject
FormKey: 001487:CoraCoeMultiversalBookHunter.esm
Base: 1FEE01:Starfield.esm
Layer: 001DC3:CoraCoeMultiversalBookHunter.esm
Position: -56.86695, -23.294512, 16.005781
Rotation: 0.14464042, -0.10296717, 4.2681923
