MutagenObjectType: PlacedObject
FormKey: 0014B0:CoraCoeMultiversalBookHunter.esm
Base: 24F0F6:Starfield.esm
Layer: 001DC5:CoraCoeMultiversalBookHunter.esm
Scale: 0.71
Position: -84.21865, -40.760117, 16.60349
Rotation: 0.074220315, 0.020996612, 1.1919333E-07
