MutagenObjectType: PlacedObject
FormKey: 0014C9:CoraCoeMultiversalBookHunter.esm
Base: 012368:Starfield.esm
Layer: 001DC5:CoraCoeMultiversalBookHunter.esm
Scale: 0.81
Position: -48.372528, -17.239609, 35.531834
Rotation: 3.0759454, -0.2844817, 3.6135044
