MutagenObjectType: PlacedObject
FormKey: 0014E4:CoraCoeMultiversalBookHunter.esm
Base: 029AEF:Starfield.esm
Layer: 001DC5:CoraCoeMultiversalBookHunter.esm
Position: -90.756134, -35.59379, 20.26734
Rotation: -0.47619203, -0.33857566, 4.712389
