MutagenObjectType: PlacedObject
FormKey: 0014F8:CoraCoeMultiversalBookHunter.esm
Base: 24F0F6:Starfield.esm
Layer: 001DC5:CoraCoeMultiversalBookHunter.esm
Position: -34.416424, 32.221252, 18.466509
Rotation: -0.102059215, -0.061911713, 0.19960749
