MutagenObjectType: PlacedObject
FormKey: 0014F3:CoraCoeMultiversalBookHunter.esm
Base: 03953A:Starfield.esm
ConstrainedDecal: 8, 8, 1.5
Layer: 001DC4:CoraCoeMultiversalBookHunter.esm
Position: -30.265835, 51.38344, 17.496696
Rotation: 3.0503392, 0.17857751, 1.5545437
