MutagenObjectType: PlacedObject
FormKey: 0014D2:CoraCoeMultiversalBookHunter.esm
Base: 03953A:Starfield.esm
ConstrainedDecal: 5.81, 5.648501, 1.5
Layer: 001DC4:CoraCoeMultiversalBookHunter.esm
Position: -74.483475, 4.089326, 37.03084
Rotation: -2.7344909, 1.1041282, 1.9383802
