MutagenObjectType: PlacedObject
FormKey: 001480:CoraCoeMultiversalBookHunter.esm
Base: 2AC95F:Starfield.esm
Layer: 001DC7:CoraCoeMultiversalBookHunter.esm
Position: -60.36838, -20.397518, 16.234695
Rotation: -0.34783855, 0.11687096, 0.60090536
