MutagenObjectType: PlacedObject
FormKey: 001432:CoraCoeMultiversalBookHunter.esm
Base: 2AC95F:Starfield.esm
Layer: 001DC7:CoraCoeMultiversalBookHunter.esm
Position: -61.84614, -28.66738, 16.135954
Rotation: 0.101112954, 0.08563873, 4.712389
