MutagenObjectType: PlacedObject
FormKey: 0014B8:CoraCoeMultiversalBookHunter.esm
Base: 24F0F6:Starfield.esm
Layer: 001DC5:CoraCoeMultiversalBookHunter.esm
Scale: 0.96999997
Position: -63.56959, -40.308086, 18.34722
Rotation: 0.01956355, -0.032124057, 0.73177874
