MutagenObjectType: PlacedObject
FormKey: 001444:CoraCoeMultiversalBookHunter.esm
Base: 2AC95F:Starfield.esm
Layer: 001DC7:CoraCoeMultiversalBookHunter.esm
Position: -61.90879, -28.509172, 16.161907
Rotation: 0.10111359, 0.8836413, 4.712389
