MutagenObjectType: PlacedObject
FormKey: 001477:CoraCoeMultiversalBookHunter.esm
Base: 1BF52D:Starfield.esm
Layer: 001DC3:CoraCoeMultiversalBookHunter.esm
Position: -58.041325, -31.7835, 16.321579
Rotation: -0.011988768, -0.02988723, 5.1955442
