MutagenObjectType: PlacedObject
FormKey: 00148C:CoraCoeMultiversalBookHunter.esm
Base: 012368:Starfield.esm
Layer: 001DC5:CoraCoeMultiversalBookHunter.esm
Scale: 1.9499999
Position: -100.31618, -47.255375, 16.569355
Rotation: 0.2417894, 0.16496223, 1.5446047
