MutagenObjectType: PlacedObject
FormKey: 001468:CoraCoeMultiversalBookHunter.esm
Base: 278F77:Starfield.esm
Layer: 001DC7:CoraCoeMultiversalBookHunter.esm
Position: -62.18435, -23.204803, 16.686039
Rotation: -0.17127852, -0.042597406, 4.712389
