MutagenObjectType: PlacedObject
FormKey: 00147A:CoraCoeMultiversalBookHunter.esm
Base: 2514F5:Starfield.esm
Layer: 001DC7:CoraCoeMultiversalBookHunter.esm
Position: -60.02207, -20.060465, 16.282217
Rotation: -0.07921583, -0.1875203, 3.6556225
