MutagenObjectType: PlacedObject
FormKey: 001407:CoraCoeMultiversalBookHunter.esm
Base: 2A3249:Starfield.esm
Layer: 001DC3:CoraCoeMultiversalBookHunter.esm
Position: -56.410656, 47.999943, 38.487152
Rotation: 0.14532873, -0.03640576, 3.212389
