MutagenObjectType: PlacedObject
FormKey: 00145A:CoraCoeMultiversalBookHunter.esm
Base: 0991B0:Starfield.esm
Layer: 001DC3:CoraCoeMultiversalBookHunter.esm
Position: -58.452297, -21.004433, 15.807616
Rotation: -0.15871862, -0.29264572, 2.3649147
