MutagenObjectType: PlacedObject
FormKey: 0014F5:CoraCoeMultiversalBookHunter.esm
Base: 24F0F6:Starfield.esm
Layer: 001DC5:CoraCoeMultiversalBookHunter.esm
Position: -31.830883, 40.43743, 13.677947
Rotation: -0.08776743, -0.08092925, 1.1919333E-07
