MutagenObjectType: PlacedObject
FormKey: 0014EA:CoraCoeMultiversalBookHunter.esm
Base: 24F0F8:Starfield.esm
Layer: 001DC5:CoraCoeMultiversalBookHunter.esm
Position: -81.046616, -24.38962, 15.958074
Rotation: -0.3192763, 0.13191247, 4.712389
