MutagenObjectType: PlacedObject
FormKey: 0014D1:CoraCoeMultiversalBookHunter.esm
Base: 03953A:Starfield.esm
ConstrainedDecal: 5.81, 5.648501, 1.5
Layer: 001DC4:CoraCoeMultiversalBookHunter.esm
Position: -76.06513, 7.5879097, 38.964252
Rotation: -2.9453332, 0.8031034, 1.7128801
