MutagenObjectType: PlacedObject
FormKey: 0014A1:CoraCoeMultiversalBookHunter.esm
Base: 24F0F6:Starfield.esm
Layer: 001DC5:CoraCoeMultiversalBookHunter.esm
Scale: 0.71
Position: -61.197216, -27.7915, 15.99887
Rotation: 0.14444475, -0.056565497, 0.19900104
