MutagenObjectType: PlacedObject
FormKey: 001437:CoraCoeMultiversalBookHunter.esm
Base: 237542:Starfield.esm
LayeredMaterialSwaps:
- 363091:Starfield.esm
Layer: 001DC3:CoraCoeMultiversalBookHunter.esm
Position: -60.873337, -28.703114, 16.130342
Rotation: 0.10730457, 0.2195289, 5.2519197
