MutagenObjectType: PlacedObject
FormKey: 0014C1:CoraCoeMultiversalBookHunter.esm
Base: 03953A:Starfield.esm
ProjectedDecal:
  WidthScale: 1
  HeightScale: 1
  UnknownFloat: 0.8000002
  UnknownInt: 2880154369
ConstrainedDecal: 5.83, 4.930001, 1.5
Layer: 001DC4:CoraCoeMultiversalBookHunter.esm
Position: -38.199516, -19.53844, 29.282822
Rotation: 0.3915326, -1.5031059, 4.321665
