MutagenObjectType: PlacedObject
FormKey: 001438:CoraCoeMultiversalBookHunter.esm
Base: 1FEE01:Starfield.esm
Layer: 001DC3:CoraCoeMultiversalBookHunter.esm
Position: -60.66343, -31.809542, 16.404232
Rotation: 0.1080767, 0.13182294, 0.014259917
