MutagenObjectType: PlacedObject
FormKey: 001461:CoraCoeMultiversalBookHunter.esm
Base: 0169C3:Starfield.esm
Layer: 001DC3:CoraCoeMultiversalBookHunter.esm
Position: -62.9083, -21.044645, 16.834223
Rotation: 0.008871928, 0.030688478, 0.9074261
