MutagenObjectType: PlacedObject
FormKey: 001458:CoraCoeMultiversalBookHunter.esm
Base: 237540:Starfield.esm
LayeredMaterialSwaps:
- 36308F:Starfield.esm
Layer: 001DC3:CoraCoeMultiversalBookHunter.esm
Position: -57.797348, -20.47405, 15.930878
Rotation: -0.0896669, 0.26029345, 0.4758659
