MutagenObjectType: PlacedObject
FormKey: 0014DE:CoraCoeMultiversalBookHunter.esm
Base: 029AEF:Starfield.esm
Layer: 001DC5:CoraCoeMultiversalBookHunter.esm
Scale: 1.09
Position: -85.11999, -32.49452, 16.783686
Rotation: 0.040482786, -0.02754067, 4.712389
