MutagenObjectType: PlacedObject
FormKey: 0014FA:CoraCoeMultiversalBookHunter.esm
Base: 24F0F6:Starfield.esm
Layer: 001DC5:CoraCoeMultiversalBookHunter.esm
Position: -27.646564, 31.708773, 18.556637
Rotation: -0.087218404, 0.08152084, 1.492885
