MutagenObjectType: PlacedObject
FormKey: 0014DA:CoraCoeMultiversalBookHunter.esm
Base: 06F39E:Starfield.esm
Layer: 001DC5:CoraCoeMultiversalBookHunter.esm
Scale: 0.7
Position: -35.856663, 35.076965, 35.709957
Rotation: 0.22628258, -0.19662239, 4.7685285
