MutagenObjectType: PlacedObject
FormKey: 0014E5:CoraCoeMultiversalBookHunter.esm
Base: 24F0F6:Starfield.esm
Layer: 001DC5:CoraCoeMultiversalBookHunter.esm
Scale: 1.06
Position: -87.316765, -20.30445, 17.251913
Rotation: 0.02674267, -0.3707831, 6.2734933
