MutagenObjectType: PlacedObject
FormKey: 0014FB:CoraCoeMultiversalBookHunter.esm
Base: 141E93:Starfield.esm
Layer: 001DC3:CoraCoeMultiversalBookHunter.esm
Position: -32.78809, 27.793915, 19.047459
Rotation: -2.5470985E-09, 3.9510017E-09, 1.5659999
