MutagenObjectType: PlacedObject
FormKey: 001462:CoraCoeMultiversalBookHunter.esm
Base: 05C64A:Starfield.esm
Layer: 001DC3:CoraCoeMultiversalBookHunter.esm
Position: -63.23138, -20.882286, 16.322624
Rotation: 0.008871631, 0.030688457, 0.7924248
