MutagenObjectType: PlacedObject
FormKey: 00143D:CoraCoeMultiversalBookHunter.esm
Base: 237541:Starfield.esm
Layer: 001DC3:CoraCoeMultiversalBookHunter.esm
Position: -63.322124, -31.437128, 16.100018
Rotation: 0.25652522, 0.065525964, 6.006389
