MutagenObjectType: PlacedObject
FormKey: 001436:CoraCoeMultiversalBookHunter.esm
XALG: 0x0100000000000000
Base: 25DEE8:Starfield.esm
Layer: 001DC3:CoraCoeMultiversalBookHunter.esm
Position: -63.674618, -30.612185, 16.129593
Rotation: -0.075035095, -0.06272464, 5.8803883
