MutagenObjectType: PlacedObject
FormKey: 001422:CoraCoeMultiversalBookHunter.esm
Base: 016995:Starfield.esm
Layer: 001DC3:CoraCoeMultiversalBookHunter.esm
Position: -27.266342, 34.797905, 18.732882
Rotation: -0.028061762, 0.017407842, 5.914398
