MutagenObjectType: PlacedObject
FormKey: 0014CB:CoraCoeMultiversalBookHunter.esm
Base: 24F0F6:Starfield.esm
Layer: 001DC5:CoraCoeMultiversalBookHunter.esm
Scale: 0.58
Position: -49.239887, -19.732922, 30.11605
Rotation: -0.070217006, -0.02749164, 2.152309
