MutagenObjectType: PlacedObject
FormKey: 0014E3:CoraCoeMultiversalBookHunter.esm
Base: 012383:Starfield.esm
Layer: 001DC3:CoraCoeMultiversalBookHunter.esm
Scale: 1.4699999
Position: -82.406265, -31.456284, 16.355246
Rotation: 0.013358533, -0.079232454, 6.2821283
