MutagenObjectType: PlacedObject
FormKey: 0014B4:CoraCoeMultiversalBookHunter.esm
Base: 24F0F6:Starfield.esm
Layer: 001DC5:CoraCoeMultiversalBookHunter.esm
Scale: 0.71
Position: -88.425644, -37.599678, 16.651024
Rotation: -0.03868957, -0.1282008, 4.9601903
