MutagenObjectType: PlacedObject
FormKey: 0014FC:CoraCoeMultiversalBookHunter.esm
Base: 24F0F6:Starfield.esm
Layer: 001DC5:CoraCoeMultiversalBookHunter.esm
Scale: 0.39999998
Position: -28.59787, 31.484055, 18.538492
Rotation: 0.09052662, -0.07782875, 4.592918
