MutagenObjectType: PlacedObject
FormKey: 001424:CoraCoeMultiversalBookHunter.esm
Base: 2514CA:Starfield.esm
Layer: 001DC3:CoraCoeMultiversalBookHunter.esm
Position: -52.809162, -19.395697, 26.131815
Rotation: -1.5706921, -0.84008276, 1.5435294
