MutagenObjectType: PlacedObject
FormKey: 001497:CoraCoeMultiversalBookHunter.esm
Base: 0F4E77:Starfield.esm
ProjectedDecal:
  WidthScale: 1
  HeightScale: 1
  UnknownFloat: 0.87499976
  UnknownInt: 2880154369
ConstrainedDecal: 5.2, 6.7200003, 1.5
Layer: 001DC4:CoraCoeMultiversalBookHunter.esm
Position: -86.50521, -40.10921, 16.4843
Rotation: 3.0296476, -0.09936061, 5.806883
