MutagenObjectType: PlacedObject
FormKey: 0014DC:CoraCoeMultiversalBookHunter.esm
Base: 00B432:Starfield.esm
Layer: 001DC5:CoraCoeMultiversalBookHunter.esm
Position: -96.84919, -35.00033, 17.464174
Rotation: -1.4965777, -0.29670605, 0.10006802
