MutagenObjectType: PlacedObject
FormKey: 0014B6:CoraCoeMultiversalBookHunter.esm
Base: 24F0F6:Starfield.esm
Layer: 001DC5:CoraCoeMultiversalBookHunter.esm
Scale: 0.71
Position: -74.0378, -34.420555, 16.071693
Rotation: 0.098580845, 0.07810542, 3.9624717
