MutagenObjectType: PlacedObject
FormKey: 001463:CoraCoeMultiversalBookHunter.esm
Base: 1BF52F:Starfield.esm
Layer: 001DC3:CoraCoeMultiversalBookHunter.esm
Position: -56.794838, -25.673155, 16.092197
Rotation: -0.032272432, -0.026530413, 0.4987315
