MutagenObjectType: PlacedObject
FormKey: 0014EF:CoraCoeMultiversalBookHunter.esm
Base: 211462:Starfield.esm
Layer: 001DC3:CoraCoeMultiversalBookHunter.esm
Position: -85.9829, -13.470501, 17.132618
Rotation: 0.0570252, 0.15079336, 0.00857548
