MutagenObjectType: PlacedObject
FormKey: 0014A4:CoraCoeMultiversalBookHunter.esm
Base: 24F0F6:Starfield.esm
Layer: 001DC5:CoraCoeMultiversalBookHunter.esm
Scale: 0.71
Position: -54.697716, -27.18312, 16.13789
Rotation: 0.14896606, -0.04318085, 0.108371526
