MutagenObjectType: PlacedObject
FormKey: 00148B:CoraCoeMultiversalBookHunter.esm
Base: 012368:Starfield.esm
Layer: 001DC5:CoraCoeMultiversalBookHunter.esm
Scale: 1.9499999
Position: -107.43123, -51.159786, 16.432503
Rotation: 0.12756608, 0.0176067, 1.1942618E-07
