MutagenObjectType: PlacedObject
FormKey: 00148F:CoraCoeMultiversalBookHunter.esm
Base: 22AC65:Starfield.esm
Layer: 001DC3:CoraCoeMultiversalBookHunter.esm
Position: -94.83207, -41.60832, 23.753923
Rotation: -1.2163357E-13, -0.8224997, 5.855416E-14
