MutagenObjectType: PlacedObject
FormKey: 0014D4:CoraCoeMultiversalBookHunter.esm
Base: 03953A:Starfield.esm
ConstrainedDecal: 5.81, 5.648501, 1.5
Layer: 001DC4:CoraCoeMultiversalBookHunter.esm
Position: -54.72305, 17.553753, 37.136547
Rotation: -3.0388079, -0.10754554, 1.5597255
