MutagenObjectType: PlacedObject
FormKey: 001467:CoraCoeMultiversalBookHunter.esm
Base: 244CC2:Starfield.esm
Layer: 001DC7:CoraCoeMultiversalBookHunter.esm
Position: -56.057526, -24.319193, 16.711678
Rotation: 0.020871848, 0.09839415, 0.70805055
