MutagenObjectType: PlacedObject
FormKey: 001466:CoraCoeMultiversalBookHunter.esm
Base: 024366:Starfield.esm
Layer: 001DC3:CoraCoeMultiversalBookHunter.esm
Position: -61.560192, -22.334639, 16.193668
Rotation: -0.03548358, -0.13472621, 0.0047680675
