MutagenObjectType: PlacedObject
FormKey: 001454:CoraCoeMultiversalBookHunter.esm
Base: 17CDCC:Starfield.esm
Layer: 001DC3:CoraCoeMultiversalBookHunter.esm
Position: -67.304665, -17.757507, 16.324093
Rotation: -1.432296, 0.14067845, 3.405103
