MutagenObjectType: PlacedObject
FormKey: 001421:CoraCoeMultiversalBookHunter.esm
Base: 0169C3:Starfield.esm
Layer: 001DC3:CoraCoeMultiversalBookHunter.esm
Position: -28.588223, 33.881973, 19.111992
Rotation: -0.11831008, 0.03438724, 5.56771
