MutagenObjectType: PlacedObject
FormKey: 0014D0:CoraCoeMultiversalBookHunter.esm
Base: 03953A:Starfield.esm
ConstrainedDecal: 5.81, 5.648501, 1.5
Layer: 001DC4:CoraCoeMultiversalBookHunter.esm
Position: -66.38251, 0.56881535, 35.281403
Rotation: 3.1255567, 0.2760591, 1.5664252
