MutagenObjectType: PlacedObject
FormKey: 0014AE:CoraCoeMultiversalBookHunter.esm
Base: 24F0F6:Starfield.esm
Layer: 001DC5:CoraCoeMultiversalBookHunter.esm
Scale: 0.71
Position: -79.864624, -37.79399, 16.49528
Rotation: 0.11953572, 0.06435599, 1.1919333E-07
