MutagenObjectType: PlacedObject
FormKey: 0014F0:CoraCoeMultiversalBookHunter.esm
Base: 06F39E:Starfield.esm
Layer: 001DC5:CoraCoeMultiversalBookHunter.esm
Position: -37.92408, 62.93711, 28.841211
Rotation: -0.15649103, -0.20973623, 1.603633
