MutagenObjectType: PlacedObject
FormKey: 0014DF:CoraCoeMultiversalBookHunter.esm
Base: 24F0F8:Starfield.esm
Layer: 001DC5:CoraCoeMultiversalBookHunter.esm
Position: -84.651215, -33.80823, 16.656353
Rotation: -0.28999567, -0.11240843, 4.712389
