MutagenObjectType: PlacedObject
FormKey: 00147E:CoraCoeMultiversalBookHunter.esm
Base: 2AC95D:Starfield.esm
Layer: 001DC7:CoraCoeMultiversalBookHunter.esm
Position: -57.35018, -24.308638, 16.70713
Rotation: -0.095308565, -0.16301236, 4.318133
