MutagenObjectType: PlacedObject
FormKey: 0014B1:CoraCoeMultiversalBookHunter.esm
Base: 24F0F6:Starfield.esm
Layer: 001DC5:CoraCoeMultiversalBookHunter.esm
Scale: 0.71
Position: -83.57953, -34.215755, 16.537003
Rotation: -0.21162169, 0.083060354, 0.6201491
