MutagenObjectType: PlacedObject
FormKey: 0014C0:CoraCoeMultiversalBookHunter.esm
Base: 24F0F6:Starfield.esm
Layer: 001DC5:CoraCoeMultiversalBookHunter.esm
Scale: 1.6999999
Position: -37.250656, -22.21777, 28.576122
Rotation: -0.06824865, 0.30220085, 0.6635445
