MutagenObjectType: PlacedObject
FormKey: 001498:CoraCoeMultiversalBookHunter.esm
Base: 0F4E77:Starfield.esm
ProjectedDecal:
  WidthScale: 1
  HeightScale: 1
  UnknownFloat: 0.9499997
  UnknownInt: 2880154369
ConstrainedDecal: 5.2, 6.7200003, 1.5
Layer: 001DC4:CoraCoeMultiversalBookHunter.esm
Position: -88.142, -38.262234, 16.635736
Rotation: 3.0296476, -0.09936061, 5.806883
