MutagenObjectType: PlacedObject
FormKey: 00144A:CoraCoeMultiversalBookHunter.esm
Base: 2514F5:Starfield.esm
Layer: 001DC7:CoraCoeMultiversalBookHunter.esm
Position: -53.03933, -26.401903, 16.991068
Rotation: 0.012425386, 0.31814697, 0.3088869
