MutagenObjectType: PlacedObject
FormKey: 001439:CoraCoeMultiversalBookHunter.esm
Base: 2AC95F:Starfield.esm
Layer: 001DC7:CoraCoeMultiversalBookHunter.esm
Position: -66.407, -27.566689, 16.633905
Rotation: -0.004895601, 0.09069175, 6.282742
