MutagenObjectType: PlacedObject
FormKey: 001488:CoraCoeMultiversalBookHunter.esm
Base: 012368:Starfield.esm
Layer: 001DC5:CoraCoeMultiversalBookHunter.esm
Scale: 1.9499999
Position: -112.00454, -54.881813, 16.608418
Rotation: 0.09196965, 0.0838285, 1.1966057E-07
