MutagenObjectType: PlacedObject
FormKey: 0014BF:CoraCoeMultiversalBookHunter.esm
Base: 24F0F6:Starfield.esm
Layer: 001DC5:CoraCoeMultiversalBookHunter.esm
Scale: 0.96999997
Position: -36.41865, -26.229338, 27.77573
Rotation: 0.097987436, 0.19570448, 1.4706047
