MutagenObjectType: PlacedObject
FormKey: 0014F4:CoraCoeMultiversalBookHunter.esm
Base: 03953A:Starfield.esm
ConstrainedDecal: 6.28, 6.35, 1.5
Layer: 001DC4:CoraCoeMultiversalBookHunter.esm
Position: -38.389603, 49.485535, 17.2642
Rotation: -2.8607738, 0.037054863, 3.1415927
