MutagenObjectType: PlacedObject
FormKey: 001484:CoraCoeMultiversalBookHunter.esm
Base: 2AC95E:Starfield.esm
Layer: 001DC7:CoraCoeMultiversalBookHunter.esm
Position: -60.077168, -20.271496, 16.470274
Rotation: -0.60123545, -0.16202743, 0.59929836
