MutagenObjectType: PlacedObject
FormKey: 0014CC:CoraCoeMultiversalBookHunter.esm
Base: 24F0F6:Starfield.esm
Layer: 001DC5:CoraCoeMultiversalBookHunter.esm
Scale: 0.58
Position: -49.20971, -18.41964, 30.038008
Rotation: -0.018486176, -0.073101625, 1.2020192
