MutagenObjectType: PlacedObject
FormKey: 001448:CoraCoeMultiversalBookHunter.esm
Base: 192E58:Starfield.esm
Layer: 001DC3:CoraCoeMultiversalBookHunter.esm
Position: -52.72349, -25.30569, 16.8102
Rotation: -0.05472687, 0.3198553, 6.2659626
