MutagenObjectType: PlacedObject
FormKey: 0014DB:CoraCoeMultiversalBookHunter.esm
Base: 06F39E:Starfield.esm
Layer: 001DC5:CoraCoeMultiversalBookHunter.esm
Position: -32.26485, 29.909714, 36.673077
Rotation: 0.25353277, -0.016744182, 5.729597
