MutagenObjectType: PlacedObject
FormKey: 001440:CoraCoeMultiversalBookHunter.esm
Base: 2514F5:Starfield.esm
Layer: 001DC7:CoraCoeMultiversalBookHunter.esm
Position: -53.27976, -26.49311, 16.913094
Rotation: 0.012425041, 0.31814486, 4.710072
