MutagenObjectType: PlacedObject
FormKey: 0014A3:CoraCoeMultiversalBookHunter.esm
Base: 24F0F8:Starfield.esm
Layer: 001DC5:CoraCoeMultiversalBookHunter.esm
Scale: 0.71
Position: -63.057858, -32.952896, 16.394152
Rotation: 0.016239733, 0.15420768, 4.6460347
