MutagenObjectType: PlacedObject
FormKey: 00147D:CoraCoeMultiversalBookHunter.esm
Base: 209FF4:Starfield.esm
Layer: 001DC7:CoraCoeMultiversalBookHunter.esm
Position: -60.411438, -20.658028, 16.24133
Rotation: 1.6857613, -0.84673756, 4.5656734
