MutagenObjectType: PlacedObject
FormKey: 001478:CoraCoeMultiversalBookHunter.esm
Base: 25DEE8:Starfield.esm
Layer: 001DC3:CoraCoeMultiversalBookHunter.esm
Position: -54.13031, -26.195297, 16.368101
Rotation: -0.0035040702, 0.25784194, 6.282292
