MutagenObjectType: PlacedObject
FormKey: 00142C:CoraCoeMultiversalBookHunter.esm
Base: 016995:Starfield.esm
Layer: 001DC3:CoraCoeMultiversalBookHunter.esm
Position: -57.119843, -26.702072, 16.052097
Rotation: -0.05128878, 0.06302797, 2.8760903
