MutagenObjectType: PlacedObject
FormKey: 00144D:CoraCoeMultiversalBookHunter.esm
Base: 28B378:Starfield.esm
Layer: 001DC3:CoraCoeMultiversalBookHunter.esm
Position: -53.46797, -24.01939, 16.685343
Rotation: -0.12253585, 0.3262986, 6.243732
