MutagenObjectType: PlacedObject
FormKey: 0014BA:CoraCoeMultiversalBookHunter.esm
Base: 24F0F6:Starfield.esm
Layer: 001DC5:CoraCoeMultiversalBookHunter.esm
Scale: 0.96999997
Position: -66.649994, -43.012062, 18.833418
Rotation: 0.037043415, -0.0065085427, 6.165158
