MutagenObjectType: PlacedObject
FormKey: 0014AA:CoraCoeMultiversalBookHunter.esm
Base: 24F0F6:Starfield.esm
Layer: 001DC5:CoraCoeMultiversalBookHunter.esm
Scale: 0.71
Position: -68.661766, -33.059204, 16.272661
Rotation: 0.21120599, -0.05804603, 5.215721
