MutagenObjectType: PlacedObject
FormKey: 00143E:CoraCoeMultiversalBookHunter.esm
Base: 2AC961:Starfield.esm
Layer: 001DC7:CoraCoeMultiversalBookHunter.esm
Position: -61.664455, -28.71225, 16.151112
Rotation: 0.1772868, 0.052745428, 4.219102
