MutagenObjectType: PlacedObject
FormKey: 001471:CoraCoeMultiversalBookHunter.esm
Base: 2AC95F:Starfield.esm
Layer: 001DC7:CoraCoeMultiversalBookHunter.esm
Position: -60.4568, -20.483343, 16.287306
Rotation: -0.31787562, 0.0025074664, 4.9125156
