MutagenObjectType: PlacedObject
FormKey: 00144E:CoraCoeMultiversalBookHunter.esm
Base: 1FEDFB:Starfield.esm
Layer: 001DC3:CoraCoeMultiversalBookHunter.esm
Position: -62.66386, -30.56121, 16.160818
Rotation: -0.012257152, 0.084919326, 1.4637227
