MutagenObjectType: PlacedObject
FormKey: 00148E:CoraCoeMultiversalBookHunter.esm
Base: 22AC65:Starfield.esm
Layer: 001DC3:CoraCoeMultiversalBookHunter.esm
Position: -98.20951, -42.1918, 23.932907
Rotation: -1.2163357E-13, -0.8224997, 5.855416E-14
