MutagenObjectType: PlacedObject
FormKey: 0014F6:CoraCoeMultiversalBookHunter.esm
Base: 24F0F6:Starfield.esm
Layer: 001DC5:CoraCoeMultiversalBookHunter.esm
Position: -35.34687, 40.88702, 13.633118
Rotation: -0.020773035, -0.11750021, 5.6308517
