MutagenObjectType: PlacedObject
FormKey: 00140E:CoraCoeMultiversalBookHunter.esm
Base: 2A3231:Starfield.esm
Layer: 001DC7:CoraCoeMultiversalBookHunter.esm
Position: -55.17889, 43.210457, 41.243237
Rotation: 0.016819002, 0.0032374177, 4.058757
