MutagenObjectType: PlacedObject
FormKey: 00142E:CoraCoeMultiversalBookHunter.esm
Base: 05C64A:Starfield.esm
Layer: 001DC3:CoraCoeMultiversalBookHunter.esm
Position: -55.31149, -26.045773, 16.192099
Rotation: 0.01550999, 0.08098051, 2.7658994
