MutagenObjectType: PlacedObject
FormKey: 001450:CoraCoeMultiversalBookHunter.esm
Base: 20B97D:Starfield.esm
Layer: 001DC7:CoraCoeMultiversalBookHunter.esm
Position: -62.111176, -27.719147, 16.419554
Rotation: 0.11055282, 0.032426815, 4.712389
