MutagenObjectType: PlacedObject
FormKey: 00142F:CoraCoeMultiversalBookHunter.esm
Base: 0169C3:Starfield.esm
Layer: 001DC3:CoraCoeMultiversalBookHunter.esm
Position: -55.637154, -26.284544, 16.67102
Rotation: 0.015509198, 0.08097967, 2.8808982
