MutagenObjectType: PlacedObject
FormKey: 0014B7:CoraCoeMultiversalBookHunter.esm
Base: 24F0F6:Starfield.esm
Layer: 001DC5:CoraCoeMultiversalBookHunter.esm
Scale: 0.71
Position: -71.72966, -33.90273, 16.176199
Rotation: -0.032201804, -0.1299731, 4.9098024
