MutagenObjectType: PlacedObject
FormKey: 001447:CoraCoeMultiversalBookHunter.esm
Base: 251503:Starfield.esm
Layer: 001DC7:CoraCoeMultiversalBookHunter.esm
Position: -62.77188, -28.129986, 16.44216
Rotation: 0.10366575, 0.057263657, 5.612389
