MutagenObjectType: PlacedObject
FormKey: 00142D:CoraCoeMultiversalBookHunter.esm
Base: 024366:Starfield.esm
Layer: 001DC3:CoraCoeMultiversalBookHunter.esm
Position: -56.17644, -24.850351, 16.109558
Rotation: 0.020874664, 0.098394394, 0.0020509297
