MutagenObjectType: PlacedObject
FormKey: 0014E0:CoraCoeMultiversalBookHunter.esm
Base: 06F39E:Starfield.esm
Layer: 001DC5:CoraCoeMultiversalBookHunter.esm
Position: -87.19417, -34.858204, 17.16004
Rotation: -0.44921514, -0.288016, 5.381332
