MutagenObjectType: PlacedObject
FormKey: 0014E6:CoraCoeMultiversalBookHunter.esm
Base: 013D95:Starfield.esm
Layer: 001DC5:CoraCoeMultiversalBookHunter.esm
Position: -77.65757, -18.322756, 17.316526
Rotation: 0.01018983, -0.057201568, 6.1315346
