MutagenObjectType: PlacedObject
FormKey: 0014E2:CoraCoeMultiversalBookHunter.esm
Base: 012382:Starfield.esm
Layer: 001DC3:CoraCoeMultiversalBookHunter.esm
Scale: 1.4699999
Position: -84.78148, -30.507849, 16.944342
Rotation: 0.104436554, -0.320715, 6.2457156
