MutagenObjectType: PlacedObject
FormKey: 0014A8:CoraCoeMultiversalBookHunter.esm
Base: 24F0F6:Starfield.esm
Layer: 001DC5:CoraCoeMultiversalBookHunter.esm
Scale: 0.71
Position: -67.453835, -34.05428, 16.389818
Rotation: 0.19578198, -0.09859543, 5.4121857
