MutagenObjectType: PlacedObject
FormKey: 0014A9:CoraCoeMultiversalBookHunter.esm
Base: 24F0F6:Starfield.esm
Layer: 001DC5:CoraCoeMultiversalBookHunter.esm
Scale: 0.71
Position: -68.35997, -31.61789, 15.820639
Rotation: 0.19578198, -0.09859543, 5.4121857
