MutagenObjectType: PlacedObject
FormKey: 001464:CoraCoeMultiversalBookHunter.esm
Base: 016995:Starfield.esm
Layer: 001DC3:CoraCoeMultiversalBookHunter.esm
Position: -61.9418, -22.30783, 16.274832
Rotation: -0.120023616, -0.0733799, 0.9564306
