MutagenObjectType: PlacedObject
FormKey: 001486:CoraCoeMultiversalBookHunter.esm
Base: 2A3231:Starfield.esm
Layer: 001DC3:CoraCoeMultiversalBookHunter.esm
Position: -55.23788, -22.467493, 16.58381
Rotation: -0.048885427, 0.22919093, 6.272071
