MutagenObjectType: PlacedObject
FormKey: 0014A0:CoraCoeMultiversalBookHunter.esm
Base: 24F0F6:Starfield.esm
Layer: 001DC5:CoraCoeMultiversalBookHunter.esm
Scale: 0.71
Position: -62.852966, -28.225351, 15.835308
Rotation: 0.088553436, 0.12744609, 5.150434
