MutagenObjectType: PlacedObject
FormKey: 001495:CoraCoeMultiversalBookHunter.esm
Base: 0F4E77:Starfield.esm
ProjectedDecal:
  WidthScale: 1
  HeightScale: 1
  UnknownFloat: 0.87499976
  UnknownInt: 2880154369
ConstrainedDecal: 5.2, 6.7200003, 1.5
Layer: 001DC4:CoraCoeMultiversalBookHunter.esm
Position: -77.581505, -33.983166, 16.12929
Rotation: 3.0296476, -0.09936061, 5.806883
