MutagenObjectType: PlacedObject
FormKey: 0014E1:CoraCoeMultiversalBookHunter.esm
Base: 24F0F8:Starfield.esm
Layer: 001DC5:CoraCoeMultiversalBookHunter.esm
Position: -84.87945, -31.642326, 16.948923
Rotation: 0.09912864, -0.29468027, 3.171234
