MutagenObjectType: PlacedObject
FormKey: 001479:CoraCoeMultiversalBookHunter.esm
Base: 2AC961:Starfield.esm
Layer: 001DC7:CoraCoeMultiversalBookHunter.esm
Position: -60.27222, -20.391998, 16.205421
Rotation: -0.026190791, -0.12815419, 2.0664575
