MutagenObjectType: PlacedObject
FormKey: 001427:CoraCoeMultiversalBookHunter.esm
Base: 0169C3:Starfield.esm
Layer: 001DC3:CoraCoeMultiversalBookHunter.esm
Position: -50.184826, -19.458996, 30.592667
Rotation: 0.02901788, -0.05969236, 0.5248323
