MutagenObjectType: PlacedObject
FormKey: 0014E9:CoraCoeMultiversalBookHunter.esm
Base: 012366:Starfield.esm
Layer: 001DC5:CoraCoeMultiversalBookHunter.esm
Position: -83.156204, -23.925385, 16.078388
Rotation: -0.12071921, -0.08850516, 3.8205645
