MutagenObjectType: PlacedObject
FormKey: 00146F:CoraCoeMultiversalBookHunter.esm
Base: 2514F5:Starfield.esm
Layer: 001DC7:CoraCoeMultiversalBookHunter.esm
Position: -60.055466, -20.082495, 16.232641
Rotation: -1.5219836, 0.49961793, 3.367285
