MutagenObjectType: PlacedObject
FormKey: 001473:CoraCoeMultiversalBookHunter.esm
Base: 0991AE:Starfield.esm
Layer: 001DC3:CoraCoeMultiversalBookHunter.esm
Position: -64.18281, -19.26025, 16.227432
Rotation: 0.19377105, 0.17149127, 6.249676
