MutagenObjectType: PlacedObject
FormKey: 001406:CoraCoeMultiversalBookHunter.esm
Base: 255612:Starfield.esm
Layer: 001DC3:CoraCoeMultiversalBookHunter.esm
Position: -53.024487, 42.863747, 38.631645
Rotation: 0.041974142, 0.11546589, 4.7020392
