MutagenObjectType: PlacedObject
FormKey: 001420:CoraCoeMultiversalBookHunter.esm
Base: 05C64A:Starfield.esm
Layer: 001DC3:CoraCoeMultiversalBookHunter.esm
Position: -28.719927, 33.597164, 18.569792
Rotation: -0.118310116, 0.034387, 5.4527106
