MutagenObjectType: PlacedObject
FormKey: 0014C4:CoraCoeMultiversalBookHunter.esm
Base: 03953A:Starfield.esm
ProjectedDecal:
  WidthScale: 1
  HeightScale: 1
  UnknownFloat: 0.8000002
  UnknownInt: 2880154369
ConstrainedDecal: 5.83, 4.930001, 1.5
Layer: 001DC4:CoraCoeMultiversalBookHunter.esm
Position: -43.79344, -17.816092, 28.858202
Rotation: 0.61974126, -1.0169888, 4.1669416
