MutagenObjectType: PlacedObject
FormKey: 0014D3:CoraCoeMultiversalBookHunter.esm
Base: 03953A:Starfield.esm
ConstrainedDecal: 5.81, 5.648501, 1.5
Layer: 001DC4:CoraCoeMultiversalBookHunter.esm
Position: -70.400345, 13.729731, 39.328983
Rotation: -2.943306, 0.082762115, 3.141593
