MutagenObjectType: PlacedObject
FormKey: 0014B5:CoraCoeMultiversalBookHunter.esm
Base: 24F0F6:Starfield.esm
Layer: 001DC5:CoraCoeMultiversalBookHunter.esm
Scale: 0.71
Position: -74.637146, -32.393227, 15.926533
Rotation: -0.080423534, -0.107149236, 5.3120217
