MutagenObjectType: PlacedObject
FormKey: 001430:CoraCoeMultiversalBookHunter.esm
Base: 03FD2F:Starfield.esm
Layer: 001DC3:CoraCoeMultiversalBookHunter.esm
Scale: 0.59999996
Position: -56.292355, -24.406895, 16.087278
Rotation: 0.020874672, 0.098394215, 5.9842362
