MutagenObjectType: PlacedObject
FormKey: 00149E:CoraCoeMultiversalBookHunter.esm
Base: 24F0F8:Starfield.esm
Layer: 001DC5:CoraCoeMultiversalBookHunter.esm
Scale: 0.71
Position: -61.89218, -23.104616, 16.062675
Rotation: 0.034783304, -0.1511327, 1.1719607
