MutagenObjectType: PlacedObject
FormKey: 0014BD:CoraCoeMultiversalBookHunter.esm
Base: 24F0F6:Starfield.esm
Layer: 001DC5:CoraCoeMultiversalBookHunter.esm
Scale: 0.96999997
Position: -50.683327, -38.008167, 22.699158
Rotation: -0.71917075, -0.04545781, 5.7641897
