MutagenObjectType: PlacedObject
FormKey: 0014BB:CoraCoeMultiversalBookHunter.esm
Base: 24F0F6:Starfield.esm
Layer: 001DC5:CoraCoeMultiversalBookHunter.esm
Scale: 0.96999997
Position: -53.163277, -40.650986, 20.663754
Rotation: 0.01956355, -0.032124057, 0.73177874
