MutagenObjectType: PlacedObject
FormKey: 0014D6:CoraCoeMultiversalBookHunter.esm
Base: 06F39E:Starfield.esm
Layer: 001DC5:CoraCoeMultiversalBookHunter.esm
Scale: 0.66999996
Position: -48.924114, 19.021133, 36.293217
Rotation: 0.08284221, -0.06289315, 6.2654533
