MutagenObjectType: PlacedObject
FormKey: 0014B2:CoraCoeMultiversalBookHunter.esm
Base: 24F0F6:Starfield.esm
Layer: 001DC5:CoraCoeMultiversalBookHunter.esm
Scale: 0.71
Position: -83.787094, -35.621887, 16.50672
Rotation: -0.051349256, -0.12369658, 5.060887
