MutagenObjectType: PlacedObject
FormKey: 001400:CoraCoeMultiversalBookHunter.esm
Base: 237542:Starfield.esm
LayeredMaterialSwaps:
- 36308B:Starfield.esm
Layer: 001DC3:CoraCoeMultiversalBookHunter.esm
Position: -55.01833, 48.731987, 38.86041
Rotation: -0.13752417, -0.041238833, 4.712389
