MutagenObjectType: PlacedObject
FormKey: 00146C:CoraCoeMultiversalBookHunter.esm
Base: 2514F5:Starfield.esm
Layer: 001DC7:CoraCoeMultiversalBookHunter.esm
Position: -59.30467, -24.88044, 16.70875
Rotation: -0.041345336, 0.026880933, 5.4088845
