MutagenObjectType: PlacedObject
FormKey: 0014CD:CoraCoeMultiversalBookHunter.esm
Base: 03953A:Starfield.esm
ConstrainedDecal: 4.7000003, 4.694, 1.5
Layer: 001DC4:CoraCoeMultiversalBookHunter.esm
Position: -49.42527, -19.04094, 29.558552
Rotation: 3.1408868, 0.052384175, 3.1415927
