MutagenObjectType: PlacedObject
FormKey: 0014EE:CoraCoeMultiversalBookHunter.esm
Base: 06F39D:Starfield.esm
Layer: 001DC5:CoraCoeMultiversalBookHunter.esm
Position: -88.64253, -7.4290113, 16.101652
Rotation: 0.19431096, -0.28952911, 5.0934386
