MutagenObjectType: PlacedObject
FormKey: 0014A5:CoraCoeMultiversalBookHunter.esm
Base: 24F0F6:Starfield.esm
Layer: 001DC5:CoraCoeMultiversalBookHunter.esm
Scale: 0.71
Position: -56.760307, -30.337818, 16.169456
Rotation: 0.14396319, -0.057787005, 0.20742652
