MutagenObjectType: PlacedObject
FormKey: 00146A:CoraCoeMultiversalBookHunter.esm
Base: 2514F5:Starfield.esm
Layer: 001DC7:CoraCoeMultiversalBookHunter.esm
Position: -59.94637, -19.96913, 16.423899
Rotation: -1.6314721, 0.5177598, 3.3369322
