MutagenObjectType: PlacedObject
FormKey: 0014AD:CoraCoeMultiversalBookHunter.esm
Base: 24F0F6:Starfield.esm
Layer: 001DC5:CoraCoeMultiversalBookHunter.esm
Scale: 0.71
Position: -71.64908, -39.96946, 17.603611
Rotation: 0.2591795, 0.22667944, 1.2301591E-07
