MutagenObjectType: PlacedObject
FormKey: 001492:CoraCoeMultiversalBookHunter.esm
Base: 03953A:Starfield.esm
ConstrainedDecal: 8, 8, 1.5
Layer: 001DC4:CoraCoeMultiversalBookHunter.esm
Position: -79.61631, -36.463875, 23.571976
Rotation: -0.19701718, 0.014709473, 3.1415927
