MutagenObjectType: PlacedObject
FormKey: 001483:CoraCoeMultiversalBookHunter.esm
Base: 2AC95F:Starfield.esm
Layer: 001DC7:CoraCoeMultiversalBookHunter.esm
Position: -60.219475, -20.50284, 16.207083
Rotation: -0.2643909, 0.09184738, 0.5848951
