MutagenObjectType: PlacedObject
FormKey: 001476:CoraCoeMultiversalBookHunter.esm
Base: 0991A9:Starfield.esm
Layer: 001DC3:CoraCoeMultiversalBookHunter.esm
Position: -59.777744, -24.694994, 17.06305
Rotation: -0.020106174, 0.022324443, 5.709159
