MutagenObjectType: PlacedObject
FormKey: 001425:CoraCoeMultiversalBookHunter.esm
Base: 2514CA:Starfield.esm
Layer: 001DC3:CoraCoeMultiversalBookHunter.esm
Position: -52.845688, -19.436285, 28.141533
Rotation: -1.5706921, -0.84008276, 1.5435294
