MutagenObjectType: PlacedObject
FormKey: 0014B9:CoraCoeMultiversalBookHunter.esm
Base: 24F0F6:Starfield.esm
Layer: 001DC5:CoraCoeMultiversalBookHunter.esm
Scale: 0.96999997
Position: -61.611492, -40.686855, 18.385881
Rotation: -0.034152232, 0.015756804, 3.281824
