MutagenObjectType: PlacedObject
FormKey: 00146B:CoraCoeMultiversalBookHunter.esm
Base: 251503:Starfield.esm
Layer: 001DC7:CoraCoeMultiversalBookHunter.esm
Position: -56.61616, -24.559513, 16.661543
Rotation: 0.020871902, 0.09839423, 0.002050655
