MutagenObjectType: PlacedObject
FormKey: 0014BE:CoraCoeMultiversalBookHunter.esm
Base: 24F0F6:Starfield.esm
Layer: 001DC5:CoraCoeMultiversalBookHunter.esm
Scale: 0.96999997
Position: -38.37146, -31.399975, 26.214886
Rotation: -0.22563055, 0.5807806, 1.445522
