MutagenObjectType: PlacedObject
FormKey: 00148D:CoraCoeMultiversalBookHunter.esm
Base: 012368:Starfield.esm
Layer: 001DC5:CoraCoeMultiversalBookHunter.esm
Scale: 1.27
Position: -95.15864, -41.885616, 15.874821
Rotation: 0.056835487, 0.05763606, 1.9236706
