MutagenObjectType: PlacedObject
FormKey: 0014AF:CoraCoeMultiversalBookHunter.esm
Base: 24F0F6:Starfield.esm
Layer: 001DC5:CoraCoeMultiversalBookHunter.esm
Scale: 0.71
Position: -78.78307, -39.127083, 16.668362
Rotation: -0.080423534, -0.107149236, 5.3120217
