MutagenObjectType: PlacedObject
FormKey: 001426:CoraCoeMultiversalBookHunter.esm
Base: 2514D2:Starfield.esm
Layer: 001DC3:CoraCoeMultiversalBookHunter.esm
Position: -50.8694, -19.315222, 30.192392
Rotation: 1.5524305, 0.100649424, 3.1598823
