MutagenObjectType: PlacedObject
FormKey: 001409:CoraCoeMultiversalBookHunter.esm
Base: 2AC95D:Starfield.esm
Layer: 001DC7:CoraCoeMultiversalBookHunter.esm
Position: -59.05363, 44.21461, 38.976025
Rotation: -2.6429317E-08, 2.9723976E-08, 1.5
