MutagenObjectType: PlacedObject
FormKey: 0014A6:CoraCoeMultiversalBookHunter.esm
Base: 24F0F6:Starfield.esm
Layer: 001DC5:CoraCoeMultiversalBookHunter.esm
Scale: 0.71
Position: -62.756214, -30.295252, 16.082302
Rotation: 0.04676885, 0.14788604, 4.848245
