MutagenObjectType: PlacedObject
FormKey: 0014B3:CoraCoeMultiversalBookHunter.esm
Base: 24F0F6:Starfield.esm
Layer: 001DC5:CoraCoeMultiversalBookHunter.esm
Scale: 0.71
Position: -87.39995, -36.166267, 16.675943
Rotation: -0.080423534, -0.107149236, 5.3120217
