MutagenObjectType: PlacedObject
FormKey: 001443:CoraCoeMultiversalBookHunter.esm
Base: 20B980:Starfield.esm
Layer: 001DC7:CoraCoeMultiversalBookHunter.esm
Position: -62.205345, -28.375854, 16.024397
Rotation: 0.14631097, 0.08687508, 2.8934283
