MutagenObjectType: PlacedObject
FormKey: 0014F7:CoraCoeMultiversalBookHunter.esm
Base: 24F0F6:Starfield.esm
Layer: 001DC5:CoraCoeMultiversalBookHunter.esm
Position: -28.502064, 39.86006, 13.793454
Rotation: 0.060819883, -0.080956064, 0.5990972
