MutagenObjectType: PlacedObject
FormKey: 0014AC:CoraCoeMultiversalBookHunter.esm
Base: 24F0F6:Starfield.esm
Layer: 001DC5:CoraCoeMultiversalBookHunter.esm
Scale: 0.71
Position: -67.62234, -38.158524, 17.790392
Rotation: 0.4334363, 0.31941846, 4.366553
