MutagenObjectType: PlacedObject
FormKey: 00147F:CoraCoeMultiversalBookHunter.esm
Base: 237541:Starfield.esm
LayeredMaterialSwaps:
- 36308F:Starfield.esm
Layer: 001DC3:CoraCoeMultiversalBookHunter.esm
Position: -57.418343, -24.472841, 16.211151
Rotation: 0.040234488, -0.18432641, 6.2758074
