MutagenObjectType: PlacedObject
FormKey: 0014C5:CoraCoeMultiversalBookHunter.esm
Base: 24F0F6:Starfield.esm
Layer: 001DC5:CoraCoeMultiversalBookHunter.esm
Scale: 0.81
Position: -39.780777, -17.72466, 28.76147
Rotation: -0.28848055, 0.14855123, 0.6451698
