MutagenObjectType: PlacedObject
FormKey: 0014C8:CoraCoeMultiversalBookHunter.esm
Base: 24F0F6:Starfield.esm
Layer: 001DC5:CoraCoeMultiversalBookHunter.esm
Scale: 0.81
Position: -44.14231, -14.489484, 29.464308
Rotation: -0.17381592, -0.11970291, 0.775926
