MutagenObjectType: PlacedObject
FormKey: 0014CE:CoraCoeMultiversalBookHunter.esm
Base: 03953A:Starfield.esm
ConstrainedDecal: 5.81, 5.648501, 1.5
Layer: 001DC4:CoraCoeMultiversalBookHunter.esm
Position: -62.75403, -1.9041334, 34.437187
Rotation: 3.0917087, 0.2297693, 1.5594264
