MutagenObjectType: PlacedObject
FormKey: 0014DD:CoraCoeMultiversalBookHunter.esm
Base: 019700:Starfield.esm
Layer: 001DC5:CoraCoeMultiversalBookHunter.esm
Position: -89.863625, -32.400723, 17.066048
Rotation: -1.7622815, -0.113534175, 0.05762688
