MutagenObjectType: PlacedObject
FormKey: 00144B:CoraCoeMultiversalBookHunter.esm
Base: 209FF4:Starfield.esm
Layer: 001DC7:CoraCoeMultiversalBookHunter.esm
Position: -62.2503, -28.59038, 16.110598
Rotation: 0.154514, 0.23178552, 6.0703464
