MutagenObjectType: PlacedObject
FormKey: 00147B:CoraCoeMultiversalBookHunter.esm
Base: 1BAF85:Starfield.esm
Layer: 001DC7:CoraCoeMultiversalBookHunter.esm
Position: -59.813545, -25.171984, 16.6981
Rotation: -0.010991776, 0.006650424, 6.0588245
