MutagenObjectType: PlacedObject
FormKey: 001460:CoraCoeMultiversalBookHunter.esm
Base: 192E56:Starfield.esm
Layer: 001DC3:CoraCoeMultiversalBookHunter.esm
Position: -61.60243, -19.597242, 16.164783
Rotation: 0.045733392, -0.18204983, 0.00023507379
