MutagenObjectType: PlacedObject
FormKey: 001475:CoraCoeMultiversalBookHunter.esm
Base: 20B980:Starfield.esm
Layer: 001DC7:CoraCoeMultiversalBookHunter.esm
Position: -60.515244, -20.68575, 16.225132
Rotation: -0.007157358, -0.104306854, 1.9887916
