MutagenObjectType: PlacedObject
FormKey: 00145F:CoraCoeMultiversalBookHunter.esm
Base: 192E58:Starfield.esm
Layer: 001DC3:CoraCoeMultiversalBookHunter.esm
Position: -63.31224, -19.34734, 16.286682
Rotation: 0.052004997, 0.18688105, 0.009670622
