MutagenObjectType: PlacedObject
FormKey: 0014EC:CoraCoeMultiversalBookHunter.esm
Base: 06F39D:Starfield.esm
Layer: 001DC5:CoraCoeMultiversalBookHunter.esm
Position: -89.46114, -13.435423, 16.672966
Rotation: 0.13778004, 0.054877374, 4.6247764
