MutagenObjectType: PlacedObject
FormKey: 00142A:CoraCoeMultiversalBookHunter.esm
Base: 05C64A:Starfield.esm
Layer: 001DC3:CoraCoeMultiversalBookHunter.esm
Position: -50.59053, -19.44451, 30.11546
Rotation: 0.029017815, -0.0596926, 0.40983346
