MutagenObjectType: PlacedObject
FormKey: 0015C4:CoraCoeMultiversalBookHunter.esm
Base: 211462:Starfield.esm
Layer: 001DC3:CoraCoeMultiversalBookHunter.esm
Scale: 1.6899999
Position: -48.744923, 36.99339, 13.551469
Rotation: -0.07286908, -0.059678257, 4.712389
