MutagenObjectType: PlacedObject
FormKey: 001527:CoraCoeMultiversalBookHunter.esm
Base: 021946:Starfield.esm
Layer: 001DC3:CoraCoeMultiversalBookHunter.esm
Position: -34.523586, 45.13591, 13.79304
Rotation: 0.012125579, -0.004716295, 4.712389
