MutagenObjectType: PlacedObject
FormKey: 0015F2:CoraCoeMultiversalBookHunter.esm
Base: 06F39E:Starfield.esm
Layer: 001DC5:CoraCoeMultiversalBookHunter.esm
Position: -13.366269, 41.917046, 28.479172
Rotation: 0.08177465, 0.35015061, 0.2813445
