MutagenObjectType: PlacedObject
FormKey: 0015A7:CoraCoeMultiversalBookHunter.esm
Base: 013D95:Starfield.esm
Layer: 001DC5:CoraCoeMultiversalBookHunter.esm
Position: -78.086235, 4.5816255, 14.89376
Rotation: 0.060837004, 0.09855378, 0.26697326
