MutagenObjectType: PlacedObject
FormKey: 0015A2:CoraCoeMultiversalBookHunter.esm
Base: 029AEF:Starfield.esm
Layer: 001DC5:CoraCoeMultiversalBookHunter.esm
Scale: 0.89
Position: -82.90234, -9.7867365, 16.876415
Rotation: 0.08200023, 0.12603545, 0
