MutagenObjectType: PlacedObject
FormKey: 0015BE:CoraCoeMultiversalBookHunter.esm
Base: 012382:Starfield.esm
Layer: 001DC3:CoraCoeMultiversalBookHunter.esm
Scale: 1.22
Position: -25.74403, 41.057026, 13.8537855
Rotation: -0.18175916, 0.087276936, 4.712389
