MutagenObjectType: PlacedObject
FormKey: 00154D:CoraCoeMultiversalBookHunter.esm
Base: 2F063A:Starfield.esm
Layer: 001DC5:CoraCoeMultiversalBookHunter.esm
Position: -23.363111, 53.159473, 19.701235
Rotation: 0.02686992, -0.072873875, 6.0736036
