MutagenObjectType: PlacedObject
FormKey: 00155F:CoraCoeMultiversalBookHunter.esm
Base: 211462:Starfield.esm
Layer: 001DC3:CoraCoeMultiversalBookHunter.esm
Scale: 0.53999996
Position: -61.89248, 40.39066, 38.146027
Rotation: -2.6432867E-08, 2.9723978E-08, 5.1596856
