MutagenObjectType: PlacedObject
FormKey: 0015A1:CoraCoeMultiversalBookHunter.esm
Base: 029AEB:Starfield.esm
Layer: 001DC5:CoraCoeMultiversalBookHunter.esm
Scale: 0.66999996
Position: -81.216286, -11.991376, 18.39731
Rotation: 0.9608274, 0.5003386, 0.34953514
