MutagenObjectType: PlacedObject
FormKey: 0015C8:CoraCoeMultiversalBookHunter.esm
Base: 029AD7:Starfield.esm
SourcePackIn: 19FAA5:Starfield.esm
Layer: 001DC5:CoraCoeMultiversalBookHunter.esm
Scale: 1.1999999
Position: -40.820744, 50.567696, 17.314163
Rotation: -0.61479086, -0.6849256, 3.125198
