MutagenObjectType: PlacedObject
FormKey: 0015EF:CoraCoeMultiversalBookHunter.esm
Base: 012382:Starfield.esm
Layer: 001DC3:CoraCoeMultiversalBookHunter.esm
Scale: 1.3
Position: -30.605143, 34.621716, 18.65668
Rotation: -0.071369566, -0.060799055, 4.712389
