MutagenObjectType: PlacedObject
FormKey: 001565:CoraCoeMultiversalBookHunter.esm
Base: 2D285F:Starfield.esm
Position: -53.6811, 43.423252, 39.073902
Rotation: 1.4672433, 0.01219881, 1.6582047
