MutagenObjectType: PlacedObject
FormKey: 001553:CoraCoeMultiversalBookHunter.esm
Base: 013D95:Starfield.esm
Layer: 001DC5:CoraCoeMultiversalBookHunter.esm
Position: -19.016056, 42.49052, 15.341271
Rotation: -0.66409534, 0.2238864, 6.025505
