MutagenObjectType: PlacedObject
FormKey: 00154E:CoraCoeMultiversalBookHunter.esm
Base: 013D95:Starfield.esm
Layer: 001DC5:CoraCoeMultiversalBookHunter.esm
Position: -23.817286, 51.452583, 19.767668
Rotation: -0.013526269, 0.0857939, 5.085002
