MutagenObjectType: PlacedObject
FormKey: 00156B:CoraCoeMultiversalBookHunter.esm
Base: 06D99E:Starfield.esm
Layer: 001DC3:CoraCoeMultiversalBookHunter.esm
Scale: 0.45
Position: -61.330273, 23.046669, 13.126889
Rotation: -0.08988037, 0.11145602, 5.409313
