MutagenObjectType: PlacedObject
FormKey: 0015C9:CoraCoeMultiversalBookHunter.esm
Base: 029AEF:Starfield.esm
SourcePackIn: 19FAA5:Starfield.esm
Layer: 001DC5:CoraCoeMultiversalBookHunter.esm
Scale: 1.5699999
Position: -37.551765, 51.224777, 17.832851
Rotation: -2.4392412, -0.8726845, 4.669255
