MutagenObjectType: PlacedObject
FormKey: 001592:CoraCoeMultiversalBookHunter.esm
Base: 2B0678:Starfield.esm
Layer: 1D1DD0:Starfield.esm
Position: -63.32743, -31.370188, 16.610464
Rotation: 0.42603695, 0.19728783, 3.79834
