MutagenObjectType: PlacedObject
FormKey: 0015A6:CoraCoeMultiversalBookHunter.esm
Base: 24F0F6:Starfield.esm
Layer: 001DC5:CoraCoeMultiversalBookHunter.esm
Position: -80.25046, 2.1641302, 14.856449
Rotation: 0.007340628, 0.061788756, 5.8542733
