MutagenObjectType: PlacedObject
FormKey: 00152F:CoraCoeMultiversalBookHunter.esm
Base: 248BF3:Starfield.esm
Layer: 001DC3:CoraCoeMultiversalBookHunter.esm
Position: -52.88257, 34.619976, 46.281666
Rotation: 0.62065375, 1.0146977, 4.229398
