MutagenObjectType: PlacedObject
FormKey: 0015D2:CoraCoeMultiversalBookHunter.esm
Base: 012381:Starfield.esm
Layer: 001DC3:CoraCoeMultiversalBookHunter.esm
Scale: 1.53
Position: -27.58716, 52.727596, 18.178493
Rotation: -0.20264174, 0.034773916, 0.81382895
