MutagenObjectType: PlacedObject
FormKey: 0015F0:CoraCoeMultiversalBookHunter.esm
Base: 012382:Starfield.esm
Layer: 001DC3:CoraCoeMultiversalBookHunter.esm
Scale: 1.4699999
Position: -32.611267, 38.20449, 18.297228
Rotation: -0.11963188, -0.07332233, 6.107398
