MutagenObjectType: PlacedObject
FormKey: 001567:CoraCoeMultiversalBookHunter.esm
Base: 1F563A:Starfield.esm
ConstrainedDecal: 8, 8, 0.5
Position: -57.91769, 41.54401, 37.897587
Rotation: 3.1415927, -2.9723942E-08, 0
