MutagenObjectType: PlacedObject
FormKey: 0015ED:CoraCoeMultiversalBookHunter.esm
Base: 012383:Starfield.esm
Layer: 001DC3:CoraCoeMultiversalBookHunter.esm
Scale: 1.6899999
Position: -38.497963, 29.094345, 18.669516
Rotation: -0.24025977, -0.15217511, 4.712389
