MutagenObjectType: PlacedObject
FormKey: 0015AE:CoraCoeMultiversalBookHunter.esm
Base: 012368:Starfield.esm
Layer: 001DC5:CoraCoeMultiversalBookHunter.esm
Scale: 1.4699999
Position: -65.57825, 25.871355, 13.366031
Rotation: -0.19156732, 0.014004847, 5.2933106
