MutagenObjectType: PlacedObject
FormKey: 001573:CoraCoeMultiversalBookHunter.esm
Base: 2D285E:Starfield.esm
Position: -29.408049, 29.121897, 19.37639
Rotation: 1.3616428, 0.16183066, 1.627358
