MutagenObjectType: PlacedObject
FormKey: 00154A:CoraCoeMultiversalBookHunter.esm
Base: 012382:Starfield.esm
Layer: 001DC3:CoraCoeMultiversalBookHunter.esm
Scale: 0.25
Position: -56.89649, 27.726437, 38.31913
Rotation: -0.1206345, -0.1299691, 0.015709044
