MutagenObjectType: PlacedObject
FormKey: 0015B7:CoraCoeMultiversalBookHunter.esm
Base: 24F0F6:Starfield.esm
Layer: 001DC5:CoraCoeMultiversalBookHunter.esm
Position: -36.190205, 45.883102, 14.055271
Rotation: -0.29389966, -0.40943226, 3.8638453
