MutagenObjectType: PlacedObject
FormKey: 0015F7:CoraCoeMultiversalBookHunter.esm
Base: 013D95:Starfield.esm
Layer: 001DC5:CoraCoeMultiversalBookHunter.esm
Scale: 1.18
Position: -16.810425, 51.845047, 17.803104
Rotation: -0.029999984, -0, 4.873185
