MutagenObjectType: PlacedObject
FormKey: 0015CE:CoraCoeMultiversalBookHunter.esm
Base: 2F063A:Starfield.esm
Layer: 001DC5:CoraCoeMultiversalBookHunter.esm
Position: -34.350555, 56.03373, 17.931019
Rotation: -0.11493226, 0.15760323, 6.2650695
