MutagenObjectType: PlacedObject
FormKey: 001580:CoraCoeMultiversalBookHunter.esm
Base: 012368:Starfield.esm
Layer: 001DC5:CoraCoeMultiversalBookHunter.esm
Scale: 0.9
Position: -24.664015, 50.741787, 19.68689
Rotation: 0.06414178, 0.0027992905, 5.1958957
