MutagenObjectType: PlacedObject
FormKey: 001554:CoraCoeMultiversalBookHunter.esm
Base: 06F3A3:Starfield.esm
Layer: 001DC5:CoraCoeMultiversalBookHunter.esm
Position: -20.76198, 41.32599, 14.274044
Rotation: -0.11071521, 0.20079906, 1.0277247
