MutagenObjectType: PlacedObject
FormKey: 001552:CoraCoeMultiversalBookHunter.esm
Base: 06F39E:Starfield.esm
Layer: 001DC5:CoraCoeMultiversalBookHunter.esm
Position: -22.38161, 47.517685, 14.848431
Rotation: -0.095190756, -0.010918705, 0.8745968
