MutagenObjectType: PlacedObject
FormKey: 001596:CoraCoeMultiversalBookHunter.esm
Base: 28B376:Starfield.esm
Layer: 1D1DD0:Starfield.esm
Position: -62.787094, -28.139746, 16.555824
Rotation: 0.10816101, -0.03273479, 5.279444
