MutagenObjectType: PlacedObject
FormKey: 00154F:CoraCoeMultiversalBookHunter.esm
Base: 06F3A3:Starfield.esm
Layer: 001DC5:CoraCoeMultiversalBookHunter.esm
Position: -20.82027, 60.2317, 20.482647
Rotation: -0.28879312, -0.20011425, 1.0670459
