MutagenObjectType: PlacedObject
FormKey: 001531:CoraCoeMultiversalBookHunter.esm
Base: 248BF3:Starfield.esm
Layer: 001DC3:CoraCoeMultiversalBookHunter.esm
Position: -36.823875, 43.6101, 44.85398
Rotation: -1.1227497, 0.13217935, 2.022192
