MutagenObjectType: PlacedObject
FormKey: 0015EE:CoraCoeMultiversalBookHunter.esm
Base: 012381:Starfield.esm
Layer: 001DC3:CoraCoeMultiversalBookHunter.esm
Scale: 1.4599999
Position: -35.22754, 34.175083, 18.63143
Rotation: -0.0045350986, -0.17649172, 1.4383366
