MutagenObjectType: PlacedObject
FormKey: 0015C1:CoraCoeMultiversalBookHunter.esm
Base: 012383:Starfield.esm
Layer: 001DC3:CoraCoeMultiversalBookHunter.esm
Scale: 1.68
Position: -37.83866, 43.64302, 13.660169
Rotation: -0.20386355, -0.12443341, 4.712389
