MutagenObjectType: PlacedObject
FormKey: 001547:CoraCoeMultiversalBookHunter.esm
Base: 012382:Starfield.esm
Layer: 001DC3:CoraCoeMultiversalBookHunter.esm
Scale: 1.43
Position: -63.643757, 14.73646, 37.933666
Rotation: 0.056527954, -0.15787192, 6.274289
