MutagenObjectType: PlacedObject
FormKey: 001535:CoraCoeMultiversalBookHunter.esm
Base: 03953A:Starfield.esm
ProjectedDecal:
  WidthScale: 1
  HeightScale: 1
  UnknownFloat: 0.8750001
  UnknownInt: 2880154369
ConstrainedDecal: 8, 8, 1.5
Layer: 001DC4:CoraCoeMultiversalBookHunter.esm
Position: -26.076466, 35.0917, 18.44159
Rotation: 3.082971, 0.023992717, 0.14577873
