MutagenObjectType: PlacedObject
FormKey: 001575:CoraCoeMultiversalBookHunter.esm
Base: 161B68:Starfield.esm
Position: -32.52662, 25.337694, 18.203564
Rotation: -0.050362438, 0.059276875, 5.9824204
