MutagenObjectType: PlacedObject
FormKey: 0015A3:CoraCoeMultiversalBookHunter.esm
Base: 029AEF:Starfield.esm
Layer: 001DC5:CoraCoeMultiversalBookHunter.esm
Position: -80.757614, -4.8698034, 16.163712
Rotation: 0.09327168, -0.037189897, 0.7963881
