MutagenObjectType: PlacedObject
FormKey: 001530:CoraCoeMultiversalBookHunter.esm
Base: 248BF3:Starfield.esm
Layer: 001DC3:CoraCoeMultiversalBookHunter.esm
Position: -23.801916, 38.226463, 45.329803
Rotation: 0.959028, -0.72617596, 5.5364733
