MutagenObjectType: PlacedObject
FormKey: 001532:CoraCoeMultiversalBookHunter.esm
Base: 248BF3:Starfield.esm
Layer: 001DC3:CoraCoeMultiversalBookHunter.esm
Position: -38.84611, 44.46133, 46.58213
Rotation: 0.6019031, -1.022792, 5.993669
