MutagenObjectType: PlacedObject
FormKey: 0015C0:CoraCoeMultiversalBookHunter.esm
Base: 012383:Starfield.esm
Layer: 001DC3:CoraCoeMultiversalBookHunter.esm
Scale: 1.62
Position: -31.69061, 44.86757, 13.871372
Rotation: 0.004446732, 0.039400242, 0.00017515814
