MutagenObjectType: PlacedObject
FormKey: 001571:CoraCoeMultiversalBookHunter.esm
Base: 02EE4B:Starfield.esm
Scale: 0.97999996
Position: -28.93868, 32.59913, 18.534286
Rotation: -0, -0, 2.1699119
