MutagenObjectType: PlacedObject
FormKey: 0015BD:CoraCoeMultiversalBookHunter.esm
Base: 012383:Starfield.esm
Layer: 001DC3:CoraCoeMultiversalBookHunter.esm
Scale: 1.54
Position: -28.605505, 43.954796, 13.785873
Rotation: -0.058596667, 0.13463642, 6.2753115
