MutagenObjectType: PlacedObject
FormKey: 00151A:CoraCoeMultiversalBookHunter.esm
Base: 2AC95F:Starfield.esm
Layer: 001DC3:CoraCoeMultiversalBookHunter.esm
Position: -39.519066, 28.130405, 18.906723
Rotation: -0.14159533, -0.13513383, 1.17313796E-07
