MutagenObjectType: PlacedObject
FormKey: 001524:CoraCoeMultiversalBookHunter.esm
Base: 16161B:Starfield.esm
Layer: 001DC3:CoraCoeMultiversalBookHunter.esm
Position: -34.062244, 41.344486, 13.873645
Rotation: 1.459412, -0.4611296, 6.1970334
