MutagenObjectType: PlacedObject
FormKey: 0015FE:CoraCoeMultiversalBookHunter.esm
Base: 029AE3:Starfield.esm
Layer: 001DC5:CoraCoeMultiversalBookHunter.esm
Scale: 1.38
Position: -20.49627, 53.091095, 18.998379
Rotation: -0.117003895, 0.3886202, 1.598592
