MutagenObjectType: PlacedObject
FormKey: 0015A9:CoraCoeMultiversalBookHunter.esm
Base: 06F39E:Starfield.esm
Layer: 001DC5:CoraCoeMultiversalBookHunter.esm
Position: -76.86173, 9.9390335, 14.049824
Rotation: 0.13641119, -0.05248506, 0.09229349
