MutagenObjectType: PlacedObject
FormKey: 0015D7:CoraCoeMultiversalBookHunter.esm
Base: 013D95:Starfield.esm
Layer: 001DC5:CoraCoeMultiversalBookHunter.esm
Position: -26.874897, 50.27155, 17.248774
Rotation: -0.14117171, 0.066114396, 0.35052827
