MutagenObjectType: PlacedObject
FormKey: 001562:CoraCoeMultiversalBookHunter.esm
Base: 211462:Starfield.esm
Layer: 001DC3:CoraCoeMultiversalBookHunter.esm
Scale: 0.29
Position: -62.885506, 37.108505, 38.146027
Rotation: -2.6432827E-08, 2.9723939E-08, 5.9331856
