MutagenObjectType: PlacedObject
FormKey: 0015CC:CoraCoeMultiversalBookHunter.esm
Base: 06F39E:Starfield.esm
Layer: 001DC5:CoraCoeMultiversalBookHunter.esm
Position: -36.188522, 51.96371, 17.793785
Rotation: -0.20576526, -0.41984344, 0.084866725
