MutagenObjectType: PlacedObject
FormKey: 001566:CoraCoeMultiversalBookHunter.esm
Base: 2D285F:Starfield.esm
Position: -53.478985, 43.535114, 39.056614
Rotation: 1.2129073, -1.2642374, 2.0212417
