MutagenObjectType: PlacedObject
FormKey: 0015AD:CoraCoeMultiversalBookHunter.esm
Base: 06F39E:Starfield.esm
Layer: 001DC5:CoraCoeMultiversalBookHunter.esm
Position: -62.643826, 15.060431, 14.969284
Rotation: 0.3640466, 0.35889393, 5.4384465
