MutagenObjectType: PlacedObject
FormKey: 0015D6:CoraCoeMultiversalBookHunter.esm
Base: 211462:Starfield.esm
Layer: 001DC3:CoraCoeMultiversalBookHunter.esm
Position: -27.039213, 49.82311, 17.325603
Rotation: -0.061652552, -0.0629539, 3.634799
