MutagenObjectType: PlacedObject
FormKey: 0015C2:CoraCoeMultiversalBookHunter.esm
Base: 211462:Starfield.esm
Layer: 001DC3:CoraCoeMultiversalBookHunter.esm
Scale: 0.78999996
Position: -43.58319, 43.111614, 14.3405285
Rotation: -0.38097245, 0.0028989136, 3.509237
