MutagenObjectType: PlacedObject
FormKey: 0015D4:CoraCoeMultiversalBookHunter.esm
Base: 012383:Starfield.esm
Layer: 001DC3:CoraCoeMultiversalBookHunter.esm
Position: -40.972065, 48.121513, 18.377201
Rotation: -0.07296583, -0.22320986, 0.01617887
