MutagenObjectType: PlacedObject
FormKey: 001545:CoraCoeMultiversalBookHunter.esm
Base: 24F0F6:Starfield.esm
Layer: 001DC5:CoraCoeMultiversalBookHunter.esm
Scale: 0.71
Position: -69.85583, -31.605803, 16.069803
Rotation: 0.0015494366, -0.028321108, 2.2713668
