MutagenObjectType: PlacedObject
FormKey: 001569:CoraCoeMultiversalBookHunter.esm
Base: 1F563A:Starfield.esm
ConstrainedDecal: 6.2099996, 5.579999, 0.5
Position: -61.723946, 38.443096, 38.135796
Rotation: -3.1415927, 1.2369521E-08, 4.2831855
