MutagenObjectType: PlacedObject
FormKey: 001556:CoraCoeMultiversalBookHunter.esm
Base: 1AF661:Starfield.esm
Position: -58.048286, 43.7838, 39.054363
Rotation: -0.06345796, 0.06716516, 5.08092
