MutagenObjectType: PlacedObject
FormKey: 0015B1:CoraCoeMultiversalBookHunter.esm
Base: 013D95:Starfield.esm
Layer: 001DC5:CoraCoeMultiversalBookHunter.esm
Position: -51.82438, 33.85668, 13.758187
Rotation: 0.07191873, -0.1016016, 5.772246
