MutagenObjectType: PlacedObject
FormKey: 001526:CoraCoeMultiversalBookHunter.esm
Base: 16161B:Starfield.esm
Layer: 001DC3:CoraCoeMultiversalBookHunter.esm
Position: -26.235136, 44.204445, 13.935458
Rotation: -1.591328, 1.0923839, 3.2158878
