MutagenObjectType: PlacedObject
FormKey: 001594:CoraCoeMultiversalBookHunter.esm
Base: 0C47A0:Starfield.esm
Layer: 1D1DD0:Starfield.esm
Position: -61.073204, -31.619886, 16.372828
Rotation: 0.21934877, 0.11216252, 0.0050364533
