MutagenObjectType: PlacedObject
FormKey: 0015A5:CoraCoeMultiversalBookHunter.esm
Base: 06F39D:Starfield.esm
Layer: 001DC5:CoraCoeMultiversalBookHunter.esm
Position: -84.77662, -1.0775625, 15.111743
Rotation: 0.18999064, -0.0018885634, 5.6530056
