MutagenObjectType: PlacedObject
FormKey: 0015A0:CoraCoeMultiversalBookHunter.esm
Base: 2F063A:Starfield.esm
Layer: 001DC5:CoraCoeMultiversalBookHunter.esm
Position: -81.09078, -12.64109, 18.14855
Rotation: 0.080677845, 0.1295819, 0.32044744
