MutagenObjectType: PlacedObject
FormKey: 0015D5:CoraCoeMultiversalBookHunter.esm
Base: 012383:Starfield.esm
Layer: 001DC3:CoraCoeMultiversalBookHunter.esm
Position: -40.027805, 48.124462, 18.055874
Rotation: -0.083002575, -0.14881895, 0.012334294
