MutagenObjectType: PlacedObject
FormKey: 001528:CoraCoeMultiversalBookHunter.esm
Base: 39C9D9:Starfield.esm
Layer: 001DC3:CoraCoeMultiversalBookHunter.esm
Position: -31.362612, 41.989548, 13.696897
Rotation: 1.3308916, -1.2331728, 1.7946863
