MutagenObjectType: PlacedObject
FormKey: 001513:CoraCoeMultiversalBookHunter.esm
Base: 076507:Starfield.esm
Layer: 001DC3:CoraCoeMultiversalBookHunter.esm
Position: -36.670044, 26.31601, 18.544718
Rotation: 0.04019538, 0.0857878, 0.063728556
