MutagenObjectType: PlacedObject
FormKey: 001572:CoraCoeMultiversalBookHunter.esm
Base: 02EE4C:Starfield.esm
Scale: 0.19
Position: -29.10958, 33.199043, 19.411316
Rotation: -0.11829884, 0.034387004, 4.712389
