MutagenObjectType: PlacedObject
FormKey: 001505:CoraCoeMultiversalBookHunter.esm
Base: 16161A:Starfield.esm
Layer: 001DC3:CoraCoeMultiversalBookHunter.esm
Position: -33.710377, 27.559845, 18.88147
Rotation: 1.5713043, -0.2792038, 6.283046
