MutagenObjectType: PlacedObject
FormKey: 00151B:CoraCoeMultiversalBookHunter.esm
Base: 20B97D:Starfield.esm
Layer: 001DC3:CoraCoeMultiversalBookHunter.esm
Position: -39.34895, 28.418873, 18.924484
Rotation: -0.14159533, -0.13513383, 1.17313796E-07
