MutagenObjectType: PlacedObject
FormKey: 0015F5:CoraCoeMultiversalBookHunter.esm
Base: 06F39D:Starfield.esm
Layer: 001DC5:CoraCoeMultiversalBookHunter.esm
Position: -10.887551, 48.411507, 17.881994
Rotation: -0.0034319293, 0.11094729, 1.5398096
