MutagenObjectType: PlacedObject
FormKey: 0015C5:CoraCoeMultiversalBookHunter.esm
Base: 012383:Starfield.esm
Layer: 001DC3:CoraCoeMultiversalBookHunter.esm
Scale: 1.62
Position: -45.383987, 40.542286, 13.695268
Rotation: -0.10293793, -0.10019199, 4.712389
