MutagenObjectType: PlacedObject
FormKey: 00151F:CoraCoeMultiversalBookHunter.esm
Base: 021945:Starfield.esm
Layer: 001DC3:CoraCoeMultiversalBookHunter.esm
Position: -41.614147, 48.112553, 18.568972
Rotation: 0.07020562, -0.20645884, 5.0804195
