MutagenObjectType: PlacedObject
FormKey: 001541:CoraCoeMultiversalBookHunter.esm
XALG: 0x0800000000000000
Base: 13FEA6:Starfield.esm
Position: -62.286846, -30.727388, 16.288738
Rotation: -1.584029, 0.681023, 1.7323445
