MutagenObjectType: PlacedObject
FormKey: 001544:CoraCoeMultiversalBookHunter.esm
Base: 13FEA7:Starfield.esm
Position: -57.40647, -31.309649, 16.847237
Rotation: -2.8441992, -1.524457, 2.8798
