MutagenObjectType: PlacedObject
FormKey: 0015F9:CoraCoeMultiversalBookHunter.esm
Base: 013D95:Starfield.esm
Layer: 001DC5:CoraCoeMultiversalBookHunter.esm
Position: -11.250849, 52.198643, 18.527594
Rotation: -0.0041247634, 0.027073396, 4.3236957
