MutagenObjectType: PlacedObject
FormKey: 0015F3:CoraCoeMultiversalBookHunter.esm
Base: 24F0F8:Starfield.esm
Layer: 001DC5:CoraCoeMultiversalBookHunter.esm
Scale: 1.29
Position: -11.440643, 44.20645, 29.851265
Rotation: 0.21161546, 0.8093837, 3.3109283
