MutagenObjectType: PlacedObject
FormKey: 0015FF:CoraCoeMultiversalBookHunter.esm
Base: 029AEB:Starfield.esm
Layer: 001DC5:CoraCoeMultiversalBookHunter.esm
Scale: 0.78
Position: -20.95903, 49.408245, 19.388056
Rotation: -0.32475787, -0.15078403, 0.40238506
