MutagenObjectType: PlacedObject
FormKey: 0015E6:CoraCoeMultiversalBookHunter.esm
Base: 012368:Starfield.esm
Layer: 001DC5:CoraCoeMultiversalBookHunter.esm
Position: -39.821514, 29.707245, 18.78646
Rotation: -0.15000002, -0, 4.712389
