MutagenObjectType: PlacedObject
FormKey: 00152B:CoraCoeMultiversalBookHunter.esm
Base: 39C9D9:Starfield.esm
Layer: 001DC3:CoraCoeMultiversalBookHunter.esm
Position: -29.969547, 41.582848, 13.75248
Rotation: 1.5540456, -0.63601995, 1.4899302
