MutagenObjectType: PlacedObject
FormKey: 001576:CoraCoeMultiversalBookHunter.esm
Base: 161B68:Starfield.esm
Position: -38.007984, 26.14732, 18.24096
Rotation: 0.047092386, -0.016632121, 0.3962621
