MutagenObjectType: PlacedObject
FormKey: 001504:CoraCoeMultiversalBookHunter.esm
Base: 161619:Starfield.esm
Layer: 001DC3:CoraCoeMultiversalBookHunter.esm
Position: -34.771908, 26.686272, 18.534182
Rotation: 1.5713314, 0.42079622, 0.00021866542
