MutagenObjectType: PlacedObject
FormKey: 0015B9:CoraCoeMultiversalBookHunter.esm
Base: 012368:Starfield.esm
Layer: 001DC5:CoraCoeMultiversalBookHunter.esm
Position: -38.689926, 44.018238, 13.841355
Rotation: -0.30492795, -0.16375546, 4.7197995
