MutagenObjectType: PlacedObject
FormKey: 0015DA:CoraCoeMultiversalBookHunter.esm
Base: 06F39E:Starfield.esm
Layer: 001DC5:CoraCoeMultiversalBookHunter.esm
Position: -19.335732, 41.883694, 14.838736
Rotation: -0.36306575, 0.3632062, 5.848528
