MutagenObjectType: PlacedObject
FormKey: 001548:CoraCoeMultiversalBookHunter.esm
Base: 012383:Starfield.esm
Layer: 001DC3:CoraCoeMultiversalBookHunter.esm
Scale: 0.85999995
Position: -58.996532, 27.502686, 38.58345
Rotation: 0.194044, -0.27536702, 6.229808
