MutagenObjectType: PlacedObject
FormKey: 001520:CoraCoeMultiversalBookHunter.esm
Base: 012366:Starfield.esm
Layer: 001DC5:CoraCoeMultiversalBookHunter.esm
Position: -39.75183, 39.205513, 13.410123
Rotation: -0.019252826, -0.011805393, 5.63707
