MutagenObjectType: PlacedObject
FormKey: 001522:CoraCoeMultiversalBookHunter.esm
Base: 16161B:Starfield.esm
Layer: 001DC3:CoraCoeMultiversalBookHunter.esm
Position: -31.196735, 45.09845, 13.890852
Rotation: 1.5727869, 1.4468422, 0.77529514
