MutagenObjectType: PlacedObject
FormKey: 0015DF:CoraCoeMultiversalBookHunter.esm
Base: 012383:Starfield.esm
Layer: 001DC3:CoraCoeMultiversalBookHunter.esm
Scale: 1.36
Position: -22.085297, 39.760056, 13.828949
Rotation: -0.110704295, 0.20079894, 0.18183337
