MutagenObjectType: PlacedObject
FormKey: 001549:CoraCoeMultiversalBookHunter.esm
Base: 012382:Starfield.esm
Layer: 001DC3:CoraCoeMultiversalBookHunter.esm
Scale: 0.83
Position: -56.943657, 27.76303, 38.335224
Rotation: -0.1206345, -0.1299691, 0.015709044
