MutagenObjectType: PlacedObject
FormKey: 001525:CoraCoeMultiversalBookHunter.esm
Base: 16161B:Starfield.esm
Layer: 001DC3:CoraCoeMultiversalBookHunter.esm
Position: -26.048923, 43.489124, 13.991545
Rotation: 1.5802481, -0.00087716477, 0.09251377
