MutagenObjectType: PlacedObject
FormKey: 001534:CoraCoeMultiversalBookHunter.esm
Base: 03953A:Starfield.esm
ProjectedDecal:
  WidthScale: 1
  HeightScale: 1
  UnknownFloat: 0.8750001
  UnknownInt: 2880154369
ConstrainedDecal: 8, 8, 1.5
Layer: 001DC4:CoraCoeMultiversalBookHunter.esm
Position: -30.480646, 36.317257, 18.9917
Rotation: 2.9189832, 0.02402201, 0.14627801
