MutagenObjectType: PlacedObject
FormKey: 0015BA:CoraCoeMultiversalBookHunter.esm
Base: 012366:Starfield.esm
Layer: 001DC5:CoraCoeMultiversalBookHunter.esm
Position: -30.641138, 45.619152, 13.804948
Rotation: -0.3141974, 0.058179956, 3.1018248
