MutagenObjectType: PlacedObject
FormKey: 00159B:CoraCoeMultiversalBookHunter.esm
Base: 28B376:Starfield.esm
Layer: 1D1DD0:Starfield.esm
Position: -60.17216, -31.649698, 16.58379
Rotation: -0.106851004, 0.04478188, 6.219277
