MutagenObjectType: PlacedObject
FormKey: 001595:CoraCoeMultiversalBookHunter.esm
Base: 28B376:Starfield.esm
Layer: 1D1DD0:Starfield.esm
Position: -69.24873, -27.453192, 16.401936
Rotation: 0.08587345, 0.16456997, 0.014101951
