MutagenObjectType: PlacedObject
FormKey: 001515:CoraCoeMultiversalBookHunter.esm
Base: 06F3A2:Starfield.esm
Layer: 001DC5:CoraCoeMultiversalBookHunter.esm
Position: -24.630165, 66.90414, 23.648987
Rotation: -0.31909105, -0.3124241, 0.8214707
