MutagenObjectType: PlacedObject
FormKey: 001591:CoraCoeMultiversalBookHunter.esm
Base: 2B066E:Starfield.esm
Layer: 1D1DD0:Starfield.esm
Position: -59.98035, -24.860428, 17.14586
Rotation: -0.10911769, -0.060216468, 5.739442
