MutagenObjectType: PlacedObject
FormKey: 00156A:CoraCoeMultiversalBookHunter.esm
Base: 06D99F:Starfield.esm
Layer: 001DC3:CoraCoeMultiversalBookHunter.esm
Scale: 0.45
Position: -59.83965, 25.016579, 13.372808
Rotation: -0.12384857, -0.08031188, 5.477432
