MutagenObjectType: PlacedObject
FormKey: 00159D:CoraCoeMultiversalBookHunter.esm
Base: 00AB5C:Starfield.esm
Layer: 1D1DD0:Starfield.esm
Position: -57.332005, -24.59532, 16.708117
Rotation: 0.04056907, -0.18442807, 1.724678
