MutagenObjectType: PlacedObject
FormKey: 001550:CoraCoeMultiversalBookHunter.esm
Base: 06F3A3:Starfield.esm
Layer: 001DC5:CoraCoeMultiversalBookHunter.esm
Position: -25.027668, 64.17398, 23.218246
Rotation: -0.40393424, -0.28279817, 3.40576
