MutagenObjectType: PlacedObject
FormKey: 00152D:CoraCoeMultiversalBookHunter.esm
Base: 248BF3:Starfield.esm
Layer: 001DC3:CoraCoeMultiversalBookHunter.esm
Position: -46.84651, 45.614788, 47.456673
Rotation: -1.0532194, -0.5197923, 1.6833317
