MutagenObjectType: PlacedObject
FormKey: 001564:CoraCoeMultiversalBookHunter.esm
Base: 17FED2:Starfield.esm
Position: -58.3532, 44.30597, 38.471344
Rotation: -0.14908296, 0.13491553, 5.9123893
