MutagenObjectType: PlacedObject
FormKey: 0015DC:CoraCoeMultiversalBookHunter.esm
Base: 24F0F6:Starfield.esm
Layer: 001DC5:CoraCoeMultiversalBookHunter.esm
Position: -17.588224, 37.740425, 14.819835
Rotation: 0.10137757, 0.25929293, 5.6016583
