MutagenObjectType: PlacedObject
FormKey: 0015D0:CoraCoeMultiversalBookHunter.esm
Base: 211462:Starfield.esm
Layer: 001DC3:CoraCoeMultiversalBookHunter.esm
Position: -38.827557, 48.66082, 18.109385
Rotation: -0.4287659, -0.17863186, 0.09221156
