MutagenObjectType: PlacedObject
FormKey: 0015F6:CoraCoeMultiversalBookHunter.esm
Base: 2F063A:Starfield.esm
Layer: 001DC5:CoraCoeMultiversalBookHunter.esm
Position: -17.207148, 46.39864, 17.523615
Rotation: -0.075877115, 0.0008113775, 4.747155
