MutagenObjectType: PlacedObject
FormKey: 0015B6:CoraCoeMultiversalBookHunter.esm
Base: 013D95:Starfield.esm
Layer: 001DC5:CoraCoeMultiversalBookHunter.esm
Position: -43.785896, 45.295624, 14.939487
Rotation: -0.50932485, -0.20189466, 5.6137977
