MutagenObjectType: PlacedObject
FormKey: 0015E3:CoraCoeMultiversalBookHunter.esm
Base: 013D95:Starfield.esm
Layer: 001DC5:CoraCoeMultiversalBookHunter.esm
Position: -24.7987, 33.28193, 18.751806
Rotation: 0.1001818, 0.015700331, 2.538827
