MutagenObjectType: PlacedObject
FormKey: 001583:CoraCoeMultiversalBookHunter.esm
Base: 20B984:Starfield.esm
Layer: 1D1DD0:Starfield.esm
Position: -63.22249, -32.15198, 16.781837
Rotation: 0.20303425, -0.009306096, 4.725216
