MutagenObjectType: PlacedObject
FormKey: 0015B3:CoraCoeMultiversalBookHunter.esm
Base: 012368:Starfield.esm
Layer: 001DC5:CoraCoeMultiversalBookHunter.esm
Position: -52.827236, 34.50473, 13.673289
Rotation: 0.06791532, -0.040318754, 2.5351694
