MutagenObjectType: PlacedObject
FormKey: 001563:CoraCoeMultiversalBookHunter.esm
Base: 012382:Starfield.esm
Layer: 001DC3:CoraCoeMultiversalBookHunter.esm
Scale: 1.0699999
Position: -63.890427, 38.68102, 38.146027
Rotation: -2.643283E-08, 2.9723942E-08, 6.2831855
