MutagenObjectType: PlacedObject
FormKey: 001559:CoraCoeMultiversalBookHunter.esm
Base: 211462:Starfield.esm
Layer: 001DC3:CoraCoeMultiversalBookHunter.esm
Scale: 0.29
Position: -55.930595, 40.233284, 38.146027
Rotation: -2.6432815E-08, 2.9723942E-08, 5.2821856
