MutagenObjectType: PlacedObject
FormKey: 00155C:CoraCoeMultiversalBookHunter.esm
Base: 012381:Starfield.esm
Layer: 001DC3:CoraCoeMultiversalBookHunter.esm
Scale: 1.1
Position: -62.13807, 36.84564, 38.197998
Rotation: -2.643283E-08, 2.9723942E-08, 6.2831855
