MutagenObjectType: PlacedObject
FormKey: 001579:CoraCoeMultiversalBookHunter.esm
Base: 161B68:Starfield.esm
Position: -37.891033, 49.19975, 17.616661
Rotation: -0.07940296, 0.011604451, 4.697373
