MutagenObjectType: PlacedObject
FormKey: 0015F4:CoraCoeMultiversalBookHunter.esm
Base: 24F0F6:Starfield.esm
Layer: 001DC5:CoraCoeMultiversalBookHunter.esm
Position: -10.960008, 46.2092, 30.108381
Rotation: -0.01702878, 0.4488738, 1.4620318
