MutagenObjectType: PlacedObject
FormKey: 00152C:CoraCoeMultiversalBookHunter.esm
Base: 248BF3:Starfield.esm
Layer: 001DC3:CoraCoeMultiversalBookHunter.esm
Position: -47.488457, 52.9923, 45.06391
Rotation: -0.62884855, 1.0110097, 2.8203962
