MutagenObjectType: PlacedObject
FormKey: 0015AC:CoraCoeMultiversalBookHunter.esm
Base: 06F39E:Starfield.esm
Layer: 001DC5:CoraCoeMultiversalBookHunter.esm
Position: -62.378426, 18.44752, 13.892752
Rotation: 0.24054587, 0.5053974, 0.018431919
