MutagenObjectType: PlacedObject
FormKey: 001584:CoraCoeMultiversalBookHunter.esm
Base: 237540:Starfield.esm
Layer: 001DC3:CoraCoeMultiversalBookHunter.esm
Scale: 0.69
Position: -57.13331, -22.881056, 15.802338
Rotation: 0.25014114, 0.0108324485, 4.3936405
