MutagenObjectType: PlacedObject
FormKey: 00159F:CoraCoeMultiversalBookHunter.esm
Base: 211462:Starfield.esm
Layer: 001DC3:CoraCoeMultiversalBookHunter.esm
Position: -87.16803, -10.21156, 16.70835
Rotation: 0.035908308, 0.2147774, 6.2711267
