MutagenObjectType: PlacedObject
FormKey: 001581:CoraCoeMultiversalBookHunter.esm
Base: 013D95:Starfield.esm
Layer: 001DC5:CoraCoeMultiversalBookHunter.esm
Position: -25.69698, 51.45581, 19.608795
Rotation: 0.0057794275, 0.33448553, 4.7659035
