MutagenObjectType: PlacedObject
FormKey: 001503:CoraCoeMultiversalBookHunter.esm
Base: 2F0639:Starfield.esm
Layer: 001DC5:CoraCoeMultiversalBookHunter.esm
Scale: 0.48999998
Position: -29.835747, 29.535816, 18.406189
Rotation: 0, -0, 5.2831855
