MutagenObjectType: PlacedObject
FormKey: 001561:CoraCoeMultiversalBookHunter.esm
Base: 211462:Starfield.esm
Layer: 001DC3:CoraCoeMultiversalBookHunter.esm
Scale: 0.29
Position: -61.092476, 41.142105, 38.146027
Rotation: -2.6432833E-08, 2.9723967E-08, 1.7990004
