MutagenObjectType: PlacedObject
FormKey: 001578:CoraCoeMultiversalBookHunter.esm
Base: 224975:Starfield.esm
Layer: 001DC5:CoraCoeMultiversalBookHunter.esm
Position: -15.669694, 39.567146, 15.649843
Rotation: -0.17446652, 0.30136997, 1.0118614
