MutagenObjectType: PlacedObject
FormKey: 0015EA:CoraCoeMultiversalBookHunter.esm
Base: 06F39E:Starfield.esm
Layer: 001DC5:CoraCoeMultiversalBookHunter.esm
Position: -29.445904, 35.704865, 18.463305
Rotation: -0.065256916, -0.017554685, 0.015488067
