MutagenObjectType: PlacedObject
FormKey: 00155D:CoraCoeMultiversalBookHunter.esm
Base: 211462:Starfield.esm
Layer: 001DC3:CoraCoeMultiversalBookHunter.esm
Scale: 0.29
Position: -62.789425, 36.34954, 38.146027
Rotation: -2.6432824E-08, 2.9723951E-08, 0.29900005
