MutagenObjectType: PlacedObject
FormKey: 00156C:CoraCoeMultiversalBookHunter.esm
Base: 06D99F:Starfield.esm
Layer: 001DC3:CoraCoeMultiversalBookHunter.esm
Scale: 0.45
Position: -62.1082, 24.55092, 13.090297
Rotation: 0.111804165, -0.096405566, 3.6170506
