MutagenObjectType: PlacedObject
FormKey: 0015E7:CoraCoeMultiversalBookHunter.esm
Base: 06F39E:Starfield.esm
Layer: 001DC5:CoraCoeMultiversalBookHunter.esm
Position: -38.39044, 33.811497, 19.068726
Rotation: 0.020100344, -0.09997996, 6.281179
