MutagenObjectType: PlacedObject
FormKey: 0015E0:CoraCoeMultiversalBookHunter.esm
Base: 012381:Starfield.esm
Layer: 001DC3:CoraCoeMultiversalBookHunter.esm
Scale: 1.66
Position: -23.31356, 42.254562, 13.742171
Rotation: -0.027599111, -0.2552652, 0.0069704745
