MutagenObjectType: PlacedObject
FormKey: 001551:CoraCoeMultiversalBookHunter.esm
Base: 211462:Starfield.esm
Layer: 001DC3:CoraCoeMultiversalBookHunter.esm
Position: -27.52832, 64.464226, 24.271034
Rotation: -0.5287943, -0.4517678, 4.712389
