MutagenObjectType: PlacedObject
FormKey: 0015CD:CoraCoeMultiversalBookHunter.esm
Base: 013D95:Starfield.esm
Layer: 001DC5:CoraCoeMultiversalBookHunter.esm
Position: -27.425999, 53.719887, 18.506542
Rotation: -0.3640392, 0.07118053, 0.66801786
