MutagenObjectType: PlacedObject
FormKey: 0015E4:CoraCoeMultiversalBookHunter.esm
Base: 06F39E:Starfield.esm
Layer: 001DC5:CoraCoeMultiversalBookHunter.esm
Position: -26.82322, 29.772327, 18.845638
Rotation: -0.05643559, 0.33153474, 6.27023
