MutagenObjectType: PlacedObject
FormKey: 0015DE:CoraCoeMultiversalBookHunter.esm
Base: 012383:Starfield.esm
Layer: 001DC3:CoraCoeMultiversalBookHunter.esm
Scale: 2.05
Position: -19.499762, 39.69432, 14.290584
Rotation: -0.17122266, 0.29198766, 6.2334547
