MutagenObjectType: PlacedObject
FormKey: 00155A:CoraCoeMultiversalBookHunter.esm
Base: 211462:Starfield.esm
Layer: 001DC3:CoraCoeMultiversalBookHunter.esm
Scale: 0.32
Position: -56.669277, 39.091892, 38.169422
Rotation: -2.6432824E-08, 2.9723951E-08, 0.29900005
