MutagenObjectType: PlacedObject
FormKey: 0015F8:CoraCoeMultiversalBookHunter.esm
Base: 012366:Starfield.esm
Layer: 001DC5:CoraCoeMultiversalBookHunter.esm
Position: -15.910595, 54.676582, 17.816725
Rotation: -0.10012428, -0.049750015, 0.004995793
