MutagenObjectType: PlacedObject
FormKey: 0015A4:CoraCoeMultiversalBookHunter.esm
Base: 24F0F8:Starfield.esm
Layer: 001DC5:CoraCoeMultiversalBookHunter.esm
Position: -80.916115, -5.9217453, 16.52999
Rotation: 0.0917213, 0.04087278, 4.712389
