MutagenObjectType: PlacedObject
FormKey: 001519:CoraCoeMultiversalBookHunter.esm
Base: 024314:Starfield.esm
Layer: 001DC3:CoraCoeMultiversalBookHunter.esm
Position: -35.130016, 29.859262, 18.626999
Rotation: 1.5729676, -1.1968274, 1.6628851
