MutagenObjectType: PlacedObject
FormKey: 001570:CoraCoeMultiversalBookHunter.esm
Base: 1F563A:Starfield.esm
ProjectedDecal:
  WidthScale: 1
  HeightScale: 1
  UnknownFloat: 0.7750002
  UnknownInt: 2880154369
ConstrainedDecal: 4.1500006, 3.9299996, 0.85061264
Position: -29.122215, 36.383587, 18.908525
Rotation: 3.1415927, -0, 4.582982
