MutagenObjectType: PlacedObject
FormKey: 0015B4:CoraCoeMultiversalBookHunter.esm
Base: 013D95:Starfield.esm
Layer: 001DC5:CoraCoeMultiversalBookHunter.esm
Position: -50.682796, 37.4729, 13.65647
Rotation: -0.034426905, -0.0713737, 6.2813616
