MutagenObjectType: PlacedObject
FormKey: 00152E:CoraCoeMultiversalBookHunter.esm
Base: 248BF3:Starfield.esm
Layer: 001DC3:CoraCoeMultiversalBookHunter.esm
Position: -48.03675, 43.03522, 47.42877
Rotation: 1.0408101, 0.5558108, 4.8007035
