MutagenObjectType: PlacedObject
FormKey: 0015E2:CoraCoeMultiversalBookHunter.esm
Base: 24F0F6:Starfield.esm
Layer: 001DC5:CoraCoeMultiversalBookHunter.esm
Position: -19.301176, 35.423607, 17.816263
Rotation: 0.17037773, -0.0390558, 5.963083
