MutagenObjectType: PlacedObject
FormKey: 00159E:CoraCoeMultiversalBookHunter.esm
Base: 012383:Starfield.esm
Layer: 001DC3:CoraCoeMultiversalBookHunter.esm
Scale: 1.7199999
Position: -87.0775, -7.6121655, 16.277817
Rotation: 0.2982269, 0.2744008, 4.712389
