MutagenObjectType: PlacedObject
FormKey: 001529:CoraCoeMultiversalBookHunter.esm
Base: 39C9D9:Starfield.esm
Layer: 001DC3:CoraCoeMultiversalBookHunter.esm
Position: -25.233786, 43.074493, 14.133683
Rotation: -1.5608164, 0.14150663, 4.203721
