MutagenObjectType: PlacedObject
FormKey: 00151C:CoraCoeMultiversalBookHunter.esm
Base: 024314:Starfield.esm
Layer: 001DC3:CoraCoeMultiversalBookHunter.esm
Position: -29.431936, 32.86309, 18.644232
Rotation: 1.5095674, 0.3965459, 1.6026195
