MutagenObjectType: PlacedObject
FormKey: 0015FD:CoraCoeMultiversalBookHunter.esm
Base: 25405B:Starfield.esm
SourcePackIn: 19FAA0:Starfield.esm
Layer: 001DC5:CoraCoeMultiversalBookHunter.esm
Scale: 1.42
Position: -17.416111, 46.493668, 18.463043
Rotation: -0.21236348, -0.05475236, 4.1847067
