MutagenObjectType: PlacedObject
FormKey: 001546:CoraCoeMultiversalBookHunter.esm
Base: 012383:Starfield.esm
Layer: 001DC3:CoraCoeMultiversalBookHunter.esm
Scale: 0.82
Position: -56.026253, 21.029202, 36.73867
Rotation: 0.043806795, -0.06500607, 6.280338
