MutagenObjectType: PlacedObject
FormKey: 0015C6:CoraCoeMultiversalBookHunter.esm
Base: 029AEF:Starfield.esm
SourcePackIn: 19FAA5:Starfield.esm
Layer: 001DC5:CoraCoeMultiversalBookHunter.esm
Scale: 1.5699999
Position: -31.43695, 54.194805, 18.163004
Rotation: -2.2114286, 0.60781986, 3.5310872
