MutagenObjectType: PlacedObject
FormKey: 00156F:CoraCoeMultiversalBookHunter.esm
Base: 1F563A:Starfield.esm
ProjectedDecal:
  WidthScale: 1
  HeightScale: 1
  UnknownFloat: 1
  UnknownInt: 2880154369
ProjectedDecalReferences:
- 001A44:CoraCoeMultiversalBookHunter.esm
ConstrainedDecal: 3.2899997, 2.7600002, 0.85061264
Position: -29.354107, 32.299686, 18.539886
Rotation: 3.1415927, -0, 5.332982
