MutagenObjectType: PlacedObject
FormKey: 0015E1:CoraCoeMultiversalBookHunter.esm
Base: 24F0F6:Starfield.esm
Layer: 001DC5:CoraCoeMultiversalBookHunter.esm
Position: -23.327597, 40.11329, 13.493067
Rotation: -0.09685446, -0.25335628, 5.80488
