MutagenObjectType: PlacedObject
FormKey: 00152A:CoraCoeMultiversalBookHunter.esm
Base: 39C9D9:Starfield.esm
Layer: 001DC3:CoraCoeMultiversalBookHunter.esm
Position: -39.690544, 40.256336, 13.721059
Rotation: 2.0133808, -1.2256258, 4.7123885
