MutagenObjectType: PlacedObject
FormKey: 00154B:CoraCoeMultiversalBookHunter.esm
Base: 012382:Starfield.esm
Layer: 001DC3:CoraCoeMultiversalBookHunter.esm
Scale: 0.25
Position: -56.524925, 27.936016, 38.29796
Rotation: -0.16329403, -0.14715555, 4.712389
