MutagenObjectType: PlacedObject
FormKey: 001523:CoraCoeMultiversalBookHunter.esm
Base: 16161B:Starfield.esm
Layer: 001DC3:CoraCoeMultiversalBookHunter.esm
Position: -33.29192, 41.293175, 13.792102
Rotation: 1.4682544, 0.23519252, 6.123332
