MutagenObjectType: PlacedObject
FormKey: 00157E:CoraCoeMultiversalBookHunter.esm
Base: 000021:Starfield.esm
Primitive:
  Bounds: 6.2248383, 1.7989769, 10.040611
  Color: '#00FFFF00'
  Unknown: 0.3
  Type: Box
Position: -71.37256, -27.983145, 20.567799
Rotation: 0.033152755, -0.0029341185, 1.0403857
