MutagenObjectType: PlacedObject
FormKey: 001542:CoraCoeMultiversalBookHunter.esm
XALG: 0x0800000000000000
Base: 13FE97:Starfield.esm
Position: -62.25579, -30.520826, 16.30167
Rotation: 3.0720887, 1.4914219, 3.0710807
