MutagenObjectType: PlacedObject
FormKey: 0015DD:CoraCoeMultiversalBookHunter.esm
Base: 012383:Starfield.esm
Layer: 001DC3:CoraCoeMultiversalBookHunter.esm
Scale: 1.6899999
Position: -18.059675, 38.904808, 14.682414
Rotation: -0.15191683, 0.3657563, 6.228487
