MutagenObjectType: PlacedObject
FormKey: 001574:CoraCoeMultiversalBookHunter.esm
Base: 1CC4AA:Starfield.esm
Position: -30.708994, 29.239986, 19.333115
Rotation: 0, -0, 5.7831855
