MutagenObjectType: PlacedObject
FormKey: 0015AA:CoraCoeMultiversalBookHunter.esm
Base: 06F39E:Starfield.esm
Layer: 001DC5:CoraCoeMultiversalBookHunter.esm
Position: -71.018486, 7.784206, 14.075259
Rotation: 0.1648308, -0.059760872, 0.17251587
