MutagenObjectType: PlacedObject
FormKey: 0015D3:CoraCoeMultiversalBookHunter.esm
Base: 012383:Starfield.esm
Layer: 001DC3:CoraCoeMultiversalBookHunter.esm
Scale: 1.38
Position: -34.680447, 50.8274, 17.296034
Rotation: -0.12798825, -0.11334713, 4.712389
