MutagenObjectType: PlacedObject
FormKey: 0015E9:CoraCoeMultiversalBookHunter.esm
Base: 24F0F8:Starfield.esm
Layer: 001DC5:CoraCoeMultiversalBookHunter.esm
Position: -26.999002, 34.617966, 18.451925
Rotation: 0.15582529, -0.011033973, 4.712389
