MutagenObjectType: PlacedObject
FormKey: 0015B8:CoraCoeMultiversalBookHunter.esm
Base: 06F39D:Starfield.esm
Layer: 001DC5:CoraCoeMultiversalBookHunter.esm
Position: -40.32711, 46.613644, 15.123621
Rotation: -0.35973027, -0.066145144, 0.11934657
