MutagenObjectType: PlacedObject
FormKey: 00154C:CoraCoeMultiversalBookHunter.esm
Base: 012382:Starfield.esm
Layer: 001DC3:CoraCoeMultiversalBookHunter.esm
Scale: 0.44
Position: -55.617115, 24.405127, 38.202347
Rotation: 0.21942694, -0.25180373, 6.227683
