MutagenObjectType: PlacedObject
FormKey: 0015D1:CoraCoeMultiversalBookHunter.esm
Base: 012381:Starfield.esm
Layer: 001DC3:CoraCoeMultiversalBookHunter.esm
Scale: 1.39
Position: -36.942688, 48.999237, 17.72639
Rotation: -0.06454771, -0.045219347, 4.712389
