MutagenObjectType: PlacedObject
FormKey: 001533:CoraCoeMultiversalBookHunter.esm
Base: 248BF3:Starfield.esm
Layer: 001DC3:CoraCoeMultiversalBookHunter.esm
Position: -35.517933, 51.721718, 45.600227
Rotation: 0.9249575, -0.7763301, 5.5863676
