MutagenObjectType: PlacedObject
FormKey: 00155B:CoraCoeMultiversalBookHunter.esm
Base: 012383:Starfield.esm
Layer: 001DC3:CoraCoeMultiversalBookHunter.esm
Scale: 0.52
Position: -57.236717, 39.749424, 38.146027
Rotation: -2.643283E-08, 2.9723942E-08, 0
