MutagenObjectType: PlacedObject
FormKey: 001557:CoraCoeMultiversalBookHunter.esm
Base: 0028A2:Starfield.esm
Position: -57.14889, 41.66254, 38.146027
Rotation: -2.6432865E-08, 2.9723944E-08, 1.4230001
