MutagenObjectType: PlacedObject
FormKey: 001543:CoraCoeMultiversalBookHunter.esm
Base: 13FE99:Starfield.esm
Position: -57.33576, -24.008259, 16.269226
Rotation: -0.60927385, 0.049276322, 1.5020009
