MutagenObjectType: PlacedObject
FormKey: 001555:CoraCoeMultiversalBookHunter.esm
Base: 03953A:Starfield.esm
ConstrainedDecal: 8, 8, 1.5
Layer: 001DC4:CoraCoeMultiversalBookHunter.esm
Position: -19.817593, 39.608513, 14.454101
Rotation: 3.022728, -0.18296957, 2.3570824
