MutagenObjectType: PlacedObject
FormKey: 0015DB:CoraCoeMultiversalBookHunter.esm
Base: 06F39E:Starfield.esm
Layer: 001DC5:CoraCoeMultiversalBookHunter.esm
Position: -20.72197, 38.20786, 13.751229
Rotation: 0.04585779, 0.2866748, 0.012975242
