MutagenObjectType: PlacedObject
FormKey: 0015C3:CoraCoeMultiversalBookHunter.esm
Base: 012383:Starfield.esm
Layer: 001DC3:CoraCoeMultiversalBookHunter.esm
Position: -42.756393, 42.233383, 14.02849
Rotation: -0.27446616, -0.034059845, 4.712389
