MutagenObjectType: PlacedObject
FormKey: 001502:CoraCoeMultiversalBookHunter.esm
Base: 012368:Starfield.esm
Layer: 001DC5:CoraCoeMultiversalBookHunter.esm
Scale: 0.63
Position: -28.650478, 29.881084, 18.510427
Rotation: 0.05600001, -0, 1.1919333E-07
