MutagenObjectType: PlacedObject
FormKey: 0015CF:CoraCoeMultiversalBookHunter.esm
Base: 012383:Starfield.esm
Layer: 001DC3:CoraCoeMultiversalBookHunter.esm
Scale: 2.1599998
Position: -34.184666, 53.04831, 17.507837
Rotation: -0.18657395, 0.06798078, 4.712389
