MutagenObjectType: PlacedObject
FormKey: 001593:CoraCoeMultiversalBookHunter.esm
Base: 237543:Starfield.esm
Layer: 001DC3:CoraCoeMultiversalBookHunter.esm
Position: -60.291584, -31.636265, 16.303444
Rotation: -0.114127025, -0.015737874, 1.5664933
