MutagenObjectType: PlacedObject
FormKey: 00157D:CoraCoeMultiversalBookHunter.esm
Base: 24F0F6:Starfield.esm
Layer: 001DC5:CoraCoeMultiversalBookHunter.esm
Scale: 0.79999995
Position: -15.734474, 44.738125, 17.091106
Rotation: -0.0713417, 0.19900087, 5.2210655
