MutagenObjectType: PlacedObject
FormKey: 0015AB:CoraCoeMultiversalBookHunter.esm
Base: 012368:Starfield.esm
Layer: 001DC5:CoraCoeMultiversalBookHunter.esm
Position: -68.96082, 19.0258, 12.88806
Rotation: 0.025316728, -0.16251469, 6.28284
