MutagenObjectType: PlacedObject
FormKey: 001560:CoraCoeMultiversalBookHunter.esm
Base: 211462:Starfield.esm
Layer: 001DC3:CoraCoeMultiversalBookHunter.esm
Scale: 0.29
Position: -61.248817, 40.789303, 38.146027
Rotation: -2.643283E-08, 2.9723942E-08, 6.2831855
