MutagenObjectType: PlacedObject
FormKey: 0015AF:CoraCoeMultiversalBookHunter.esm
Base: 06F39D:Starfield.esm
Layer: 001DC5:CoraCoeMultiversalBookHunter.esm
Position: -55.258713, 26.552408, 14.297602
Rotation: 0.23711006, 0.24328162, 6.201332
