MutagenObjectType: PlacedObject
FormKey: 0015A8:CoraCoeMultiversalBookHunter.esm
Base: 012366:Starfield.esm
Layer: 001DC5:CoraCoeMultiversalBookHunter.esm
Position: -77.93155, 6.7687917, 14.487315
Rotation: 0.15575106, -0.22802511, 6.247707
