MutagenObjectType: PlacedObject
FormKey: 00155E:CoraCoeMultiversalBookHunter.esm
Base: 211462:Starfield.esm
Layer: 001DC3:CoraCoeMultiversalBookHunter.esm
Scale: 0.29
Position: -61.47958, 36.82531, 38.146027
Rotation: -2.643283E-08, 2.9723946E-08, 6.083185
