MutagenObjectType: PlacedObject
FormKey: 001501:CoraCoeMultiversalBookHunter.esm
Base: 012368:Starfield.esm
Layer: 001DC5:CoraCoeMultiversalBookHunter.esm
Scale: 0.63
Position: -39.82782, 27.389088, 18.623737
Rotation: 0.03900005, -0.10100002, 1.1940232E-07
