MutagenObjectType: PlacedObject
FormKey: 0015C7:CoraCoeMultiversalBookHunter.esm
Base: 25405B:Starfield.esm
SourcePackIn: 19FAA5:Starfield.esm
Layer: 001DC5:CoraCoeMultiversalBookHunter.esm
Position: -29.868536, 57.736782, 18.116257
Rotation: 2.0594788, -1.1347427, 0.13697895
