MutagenObjectType: PlacedObject
FormKey: 0015F1:CoraCoeMultiversalBookHunter.esm
Base: 06F39D:Starfield.esm
Layer: 001DC5:CoraCoeMultiversalBookHunter.esm
Position: -11.955998, 45.315388, 28.525991
Rotation: -0.09202197, 0.2118337, 5.0639076
