MutagenObjectType: PlacedObject
FormKey: 001577:CoraCoeMultiversalBookHunter.esm
Base: 161B68:Starfield.esm
Position: -24.711195, 32.224033, 18.278286
Rotation: -0.04467116, 0.063673675, 6.0749907
