MutagenObjectType: PlacedObject
FormKey: 00159C:CoraCoeMultiversalBookHunter.esm
Base: 2B18A4:Starfield.esm
Layer: 1D1DD0:Starfield.esm
Position: -60.711002, -31.595547, 16.403774
Rotation: 0.27062288, 0.15111098, 0.11341639
