MutagenObjectType: PlacedObject
FormKey: 0015B5:CoraCoeMultiversalBookHunter.esm
Base: 012366:Starfield.esm
Layer: 001DC5:CoraCoeMultiversalBookHunter.esm
Position: -47.427956, 40.000862, 13.708466
Rotation: -0.07287772, -0.059678257, 5.640564
