MutagenObjectType: PlacedObject
FormKey: 0015BF:CoraCoeMultiversalBookHunter.esm
Base: 211462:Starfield.esm
Layer: 001DC3:CoraCoeMultiversalBookHunter.esm
Scale: 1.31
Position: -26.033817, 43.43285, 13.984653
Rotation: 0.009533057, 0.092523895, 0.0008808038
