MutagenObjectType: PlacedObject
FormKey: 0015B2:CoraCoeMultiversalBookHunter.esm
Base: 013D95:Starfield.esm
Layer: 001DC5:CoraCoeMultiversalBookHunter.esm
Position: -53.454155, 33.390984, 13.836582
Rotation: -0.0728281, -0.10794069, 6.0322266
