MutagenObjectType: PlacedObject
FormKey: 00166D:CoraCoeMultiversalBookHunter.esm
Base: 029ADB:Starfield.esm
Layer: 001DC5:CoraCoeMultiversalBookHunter.esm
Position: -59.119064, 18.513304, 16.967949
Rotation: -0.55585796, 0.41404468, 4.1364183
