MutagenObjectType: PlacedObject
FormKey: 0016B4:CoraCoeMultiversalBookHunter.esm
Base: 012366:Starfield.esm
Layer: 001DC5:CoraCoeMultiversalBookHunter.esm
Position: -76.99213, 18.395264, 38.689972
Rotation: 0.051112607, 0.052218653, 6.1080537
