MutagenObjectType: PlacedObject
FormKey: 0016B8:CoraCoeMultiversalBookHunter.esm
Base: 00B432:Starfield.esm
Layer: 001DC5:CoraCoeMultiversalBookHunter.esm
Position: -61.097195, 24.45005, 49.01633
Rotation: -3.0677996, 0.061192736, 0.18251635
