MutagenObjectType: PlacedObject
FormKey: 0016BA:CoraCoeMultiversalBookHunter.esm
Base: 24F0F6:Starfield.esm
Layer: 001DC5:CoraCoeMultiversalBookHunter.esm
Scale: 1.1899999
Position: -50.483673, 20.601574, 36.18698
Rotation: -0.041472737, -0.029184038, 4.6324315
