MutagenObjectType: PlacedObject
FormKey: 001699:CoraCoeMultiversalBookHunter.esm
Base: 06F39E:Starfield.esm
Layer: 001DC5:CoraCoeMultiversalBookHunter.esm
Scale: 1.4
Position: -68.66293, 37.686756, 38.899483
Rotation: -0.35548523, -0.41556448, 4.5982666
