MutagenObjectType: PlacedObject
FormKey: 0016B3:CoraCoeMultiversalBookHunter.esm
Base: 029AEF:Starfield.esm
Layer: 001DC5:CoraCoeMultiversalBookHunter.esm
Position: -76.65009, 18.26986, 38.409378
Rotation: 0.0036067094, -0.06265164, 5.932528
