MutagenObjectType: PlacedObject
FormKey: 0016C1:CoraCoeMultiversalBookHunter.esm
Base: 012366:Starfield.esm
Layer: 001DC5:CoraCoeMultiversalBookHunter.esm
Scale: 0.90999997
Position: -61.674046, -0.9073429, 34.167522
Rotation: -0.20017435, -0.27410057, 4.4220247
