MutagenObjectType: PlacedObject
FormKey: 0016CF:CoraCoeMultiversalBookHunter.esm
Base: 019700:Starfield.esm
Layer: 001DC5:CoraCoeMultiversalBookHunter.esm
Scale: 1.1899999
Position: -60.030285, 11.141733, 42.503483
Rotation: -1.0043402, 0.18903138, 0.7128468
