MutagenObjectType: PlacedObject
FormKey: 00163A:CoraCoeMultiversalBookHunter.esm
Base: 029AF1:Starfield.esm
Layer: 001DC5:CoraCoeMultiversalBookHunter.esm
Scale: 1.1999999
Position: -49.391544, 69.47831, 32.76177
Rotation: -2.165795, -0.5925551, 6.1683
