MutagenObjectType: PlacedObject
FormKey: 0016F7:CoraCoeMultiversalBookHunter.esm
Base: 013D95:Starfield.esm
Layer: 001DC5:CoraCoeMultiversalBookHunter.esm
Position: -54.085747, -38.71815, 21.581219
Rotation: -0.35823086, 0.18269722, 3.012008
