MutagenObjectType: PlacedObject
FormKey: 00167D:CoraCoeMultiversalBookHunter.esm
Base: 029ADB:Starfield.esm
Layer: 001DC5:CoraCoeMultiversalBookHunter.esm
Position: -51.975403, 20.539936, 36.60371
Rotation: -0.18480499, 0.13837054, 0.8384199
