MutagenObjectType: PlacedObject
FormKey: 0016A8:CoraCoeMultiversalBookHunter.esm
Base: 029AE9:Starfield.esm
Layer: 001DC5:CoraCoeMultiversalBookHunter.esm
Position: -74.20161, 13.496248, 39.75343
Rotation: 0.04077099, -0.0055806986, 5.123293
