MutagenObjectType: PlacedObject
FormKey: 001670:CoraCoeMultiversalBookHunter.esm
Base: 029AE3:Starfield.esm
Layer: 001DC5:CoraCoeMultiversalBookHunter.esm
Position: -53.553024, 22.958405, 15.80809
Rotation: 0.0931422, -0.2783955, 0
