MutagenObjectType: PlacedObject
FormKey: 001655:CoraCoeMultiversalBookHunter.esm
Base: 029ADF:Starfield.esm
Layer: 001DC5:CoraCoeMultiversalBookHunter.esm
Scale: 0.84999996
Position: -47.060925, 29.029133, 36.23814
Rotation: 0.36365178, 0.12744781, 0.20974347
