MutagenObjectType: PlacedObject
FormKey: 001694:CoraCoeMultiversalBookHunter.esm
Base: 06F39D:Starfield.esm
Layer: 001DC5:CoraCoeMultiversalBookHunter.esm
Scale: 1.1
Position: -74.50517, 29.429123, 38.807434
Rotation: -0.2973066, -0.12316305, 4.72431
