MutagenObjectType: PlacedObject
FormKey: 001695:CoraCoeMultiversalBookHunter.esm
Base: 029AD9:Starfield.esm
Layer: 001DC5:CoraCoeMultiversalBookHunter.esm
Position: -66.988815, 32.077744, 37.573315
Rotation: 0.028378498, 0.009718759, 3.7533233
