MutagenObjectType: PlacedObject
FormKey: 00164F:CoraCoeMultiversalBookHunter.esm
Base: 01C3BB:Starfield.esm
Layer: 001DC5:CoraCoeMultiversalBookHunter.esm
Position: -38.108006, 14.326765, 37.10858
Rotation: 0.019725826, 0.023639992, 2.136235
