MutagenObjectType: PlacedObject
FormKey: 001676:CoraCoeMultiversalBookHunter.esm
Base: 06F39D:Starfield.esm
Layer: 001DC5:CoraCoeMultiversalBookHunter.esm
Position: -57.668056, 21.27844, 15.580363
Rotation: 0.24972405, 0.5436904, 5.936954
