MutagenObjectType: PlacedObject
FormKey: 001662:CoraCoeMultiversalBookHunter.esm
Base: 029ADD:Starfield.esm
Layer: 001DC5:CoraCoeMultiversalBookHunter.esm
Position: -68.2862, 20.176704, 38.081684
Rotation: -0.033082582, -0.13334917, 0.6175063
