MutagenObjectType: PlacedObject
FormKey: 00162E:CoraCoeMultiversalBookHunter.esm
Base: 029AF1:Starfield.esm
Layer: 001DC5:CoraCoeMultiversalBookHunter.esm
Position: -34.148537, 68.56129, 24.62519
Rotation: -0.10148769, 0.00088111864, 5.6645775
