MutagenObjectType: PlacedObject
FormKey: 00165A:CoraCoeMultiversalBookHunter.esm
Base: 01C3BF:Starfield.esm
Layer: 001DC5:CoraCoeMultiversalBookHunter.esm
Position: -70.825165, 20.270983, 24.107054
Rotation: 0.21134137, -0.08192776, 0.6695723
