MutagenObjectType: PlacedObject
FormKey: 001685:CoraCoeMultiversalBookHunter.esm
Base: 029AD7:Starfield.esm
Layer: 001DC5:CoraCoeMultiversalBookHunter.esm
Position: -52.2003, 13.121606, 37.47365
Rotation: -0.050681546, 0.009301502, 0
