MutagenObjectType: PlacedObject
FormKey: 00160A:CoraCoeMultiversalBookHunter.esm
Base: 029AEB:Starfield.esm
Layer: 001DC5:CoraCoeMultiversalBookHunter.esm
Scale: 0.65
Position: -49.31021, 59.259083, 39.66685
Rotation: 0.25775185, -0.7410067, 5.2863417
