MutagenObjectType: PlacedObject
FormKey: 00169F:CoraCoeMultiversalBookHunter.esm
Base: 00B431:Starfield.esm
Layer: 001DC5:CoraCoeMultiversalBookHunter.esm
Scale: 1.38
Position: -64.401566, 34.773014, 47.023247
Rotation: -1.2021799, -0.7040512, 3.2248747
