MutagenObjectType: PlacedObject
FormKey: 00161B:CoraCoeMultiversalBookHunter.esm
Base: 029AF1:Starfield.esm
Layer: 001DC5:CoraCoeMultiversalBookHunter.esm
Scale: 1.16
Position: -21.87234, 64.58211, 38.482506
Rotation: -0.902632, -0.10889418, 2.1474724
