MutagenObjectType: PlacedObject
FormKey: 0016BB:CoraCoeMultiversalBookHunter.esm
Base: 00B432:Starfield.esm
Layer: 001DC5:CoraCoeMultiversalBookHunter.esm
Position: -78.66973, 3.8799427, 38.19437
Rotation: 0.7313531, -0.9151437, 6.270871
