MutagenObjectType: PlacedObject
FormKey: 00167C:CoraCoeMultiversalBookHunter.esm
Base: 029AEB:Starfield.esm
Layer: 001DC5:CoraCoeMultiversalBookHunter.esm
Scale: 1.5899999
Position: -51.94921, 22.028646, 38.992012
Rotation: 0.2172545, -0.18959655, 2.187188
