MutagenObjectType: PlacedObject
FormKey: 001672:CoraCoeMultiversalBookHunter.esm
Base: 029AD9:Starfield.esm
Layer: 001DC5:CoraCoeMultiversalBookHunter.esm
Scale: 0.63
Position: -55.68986, 20.97945, 16.615932
Rotation: 0.47228026, -0.017482167, 6.122279
