MutagenObjectType: PlacedObject
FormKey: 0016B6:CoraCoeMultiversalBookHunter.esm
Base: 24F0F6:Starfield.esm
Layer: 001DC5:CoraCoeMultiversalBookHunter.esm
Position: -75.21485, 17.293423, 39.34349
Rotation: 0.27794757, 0.15179914, 4.9477596
