MutagenObjectType: PlacedObject
FormKey: 001693:CoraCoeMultiversalBookHunter.esm
Base: 06F39E:Starfield.esm
Layer: 001DC5:CoraCoeMultiversalBookHunter.esm
Scale: 1.4
Position: -69.35381, 26.077782, 38.95983
Rotation: 0.40066224, 0.1806597, 4.7041917
