MutagenObjectType: PlacedObject
FormKey: 001623:CoraCoeMultiversalBookHunter.esm
Base: 029AD7:Starfield.esm
Layer: 001DC5:CoraCoeMultiversalBookHunter.esm
Position: -16.553324, 59.775223, 18.616667
Rotation: -0.42073038, -0.33221522, 0
