MutagenObjectType: PlacedObject
FormKey: 001621:CoraCoeMultiversalBookHunter.esm
Base: 029AE5:Starfield.esm
Layer: 001DC5:CoraCoeMultiversalBookHunter.esm
Scale: 0.71
Position: -14.191768, 59.232876, 18.23906
Rotation: -0.29486352, -0.19410774, 5.9898663
