MutagenObjectType: PlacedObject
FormKey: 0016B7:CoraCoeMultiversalBookHunter.esm
Base: 24F0F8:Starfield.esm
Layer: 001DC5:CoraCoeMultiversalBookHunter.esm
Position: -74.45845, 14.101074, 39.775295
Rotation: 0.07626139, 0.0015961702, 4.3932686
