MutagenObjectType: PlacedObject
FormKey: 00167A:CoraCoeMultiversalBookHunter.esm
Base: 029AE3:Starfield.esm
Layer: 001DC5:CoraCoeMultiversalBookHunter.esm
Position: -51.673218, 23.611668, 36.02715
Rotation: -0.3874966, -0.69224286, 0.777607
