MutagenObjectType: PlacedObject
FormKey: 00161C:CoraCoeMultiversalBookHunter.esm
Base: 029AF1:Starfield.esm
Layer: 001DC5:CoraCoeMultiversalBookHunter.esm
Scale: 1.16
Position: -30.058565, 48.63826, 43.72344
Rotation: 1.0432804, 0.9103341, 4.548349
