MutagenObjectType: PlacedObject
FormKey: 0016BD:CoraCoeMultiversalBookHunter.esm
Base: 06F39E:Starfield.esm
Layer: 001DC5:CoraCoeMultiversalBookHunter.esm
Scale: 0.90999997
Position: -74.411995, 10.953763, 38.980213
Rotation: -0.15347129, 0.029043542, 3.1082647
