MutagenObjectType: PlacedObject
FormKey: 001605:CoraCoeMultiversalBookHunter.esm
Base: 01C3BE:Starfield.esm
Layer: 001DC5:CoraCoeMultiversalBookHunter.esm
Position: -43.286724, 66.10416, 37.264553
Rotation: 0.53521466, 0.14626515, 2.4706485
