MutagenObjectType: PlacedObject
FormKey: 00161E:CoraCoeMultiversalBookHunter.esm
Base: 01C3BF:Starfield.esm
Layer: 001DC5:CoraCoeMultiversalBookHunter.esm
Position: -27.773603, 56.451633, 17.309425
Rotation: -0.1620596, 0.08719938, 5.1217117
