MutagenObjectType: PlacedObject
FormKey: 001697:CoraCoeMultiversalBookHunter.esm
Base: 06F39E:Starfield.esm
Layer: 001DC5:CoraCoeMultiversalBookHunter.esm
Scale: 1.4
Position: -64.24315, 32.84461, 38.145103
Rotation: 0.08681949, -0.043470312, 5.1796064
