MutagenObjectType: PlacedObject
FormKey: 001658:CoraCoeMultiversalBookHunter.esm
Base: 0196F5:Starfield.esm
Layer: 001DC5:CoraCoeMultiversalBookHunter.esm
Position: -70.56587, 17.004005, 32.596485
Rotation: 0.21589017, -0.4312205, 1.0785823
