MutagenObjectType: PlacedObject
FormKey: 0016B5:CoraCoeMultiversalBookHunter.esm
Base: 06F39E:Starfield.esm
Layer: 001DC5:CoraCoeMultiversalBookHunter.esm
Position: -71.778854, 14.250756, 39.59578
Rotation: 0.072904795, -0.022452751, 4.712389
