MutagenObjectType: PlacedObject
FormKey: 0016C3:CoraCoeMultiversalBookHunter.esm
Base: 0196F5:Starfield.esm
Layer: 001DC5:CoraCoeMultiversalBookHunter.esm
Position: -63.39153, -5.995084, 33.14507
Rotation: -0.29515788, -0.34412995, 0.46618122
