MutagenObjectType: PlacedObject
FormKey: 0016A2:CoraCoeMultiversalBookHunter.esm
Base: 029AE5:Starfield.esm
Layer: 001DC5:CoraCoeMultiversalBookHunter.esm
Scale: 1.65
Position: -64.78259, 36.246174, 46.80419
Rotation: 2.0550349, 1.2125021, 1.9476044
