MutagenObjectType: PlacedObject
FormKey: 0016CB:CoraCoeMultiversalBookHunter.esm
Base: 00B432:Starfield.esm
Layer: 001DC5:CoraCoeMultiversalBookHunter.esm
Position: -78.71724, 17.809763, 50.77277
Rotation: -1.0487674, -0.73838484, 2.6271899
