MutagenObjectType: PlacedObject
FormKey: 0016FE:CoraCoeMultiversalBookHunter.esm
Base: 029AE3:Starfield.esm
Layer: 001DC5:CoraCoeMultiversalBookHunter.esm
Position: -43.554413, -21.974987, 27.071812
Rotation: -0.25819048, 0.1563223, 1.3367214
