MutagenObjectType: PlacedObject
FormKey: 00168C:CoraCoeMultiversalBookHunter.esm
Base: 029ADB:Starfield.esm
Layer: 001DC5:CoraCoeMultiversalBookHunter.esm
Position: -71.39619, 25.65394, 38.092934
Rotation: 0.03122184, 0.38875806, 4.739004
