MutagenObjectType: PlacedObject
FormKey: 00169E:CoraCoeMultiversalBookHunter.esm
Base: 029AD7:Starfield.esm
Layer: 001DC5:CoraCoeMultiversalBookHunter.esm
Position: -68.50552, 37.18286, 37.51692
Rotation: -0.20765963, -0.034894478, 0.34408993
