MutagenObjectType: PlacedObject
FormKey: 0016C0:CoraCoeMultiversalBookHunter.esm
Base: 012366:Starfield.esm
Layer: 001DC5:CoraCoeMultiversalBookHunter.esm
Scale: 0.90999997
Position: -63.761036, -0.2180351, 34.852764
Rotation: -0.14080681, -0.22713375, 0.03190653
