MutagenObjectType: PlacedObject
FormKey: 0016A9:CoraCoeMultiversalBookHunter.esm
Base: 029AEB:Starfield.esm
Layer: 001DC5:CoraCoeMultiversalBookHunter.esm
Scale: 0.84
Position: -68.03685, 15.611702, 38.484653
Rotation: 0.020397354, -0.14534573, 4.2025433
