MutagenObjectType: PlacedObject
FormKey: 001689:CoraCoeMultiversalBookHunter.esm
Base: 06F39E:Starfield.esm
Layer: 001DC5:CoraCoeMultiversalBookHunter.esm
Scale: 1.1899999
Position: -61.916306, 13.472192, 38.438133
Rotation: 0.52893144, 0.1893709, 4.1210833
