MutagenObjectType: PlacedObject
FormKey: 0016FB:CoraCoeMultiversalBookHunter.esm
Base: 24F0F6:Starfield.esm
Layer: 001DC5:CoraCoeMultiversalBookHunter.esm
Position: -39.568516, -33.303215, 25.824484
Rotation: -0.14823584, 0.109059624, 5.8802967
