MutagenObjectType: PlacedObject
FormKey: 001673:CoraCoeMultiversalBookHunter.esm
Base: 029AD7:Starfield.esm
Layer: 001DC5:CoraCoeMultiversalBookHunter.esm
Scale: 0.51
Position: -54.912224, 21.433352, 17.225763
Rotation: 0.9575408, -0.16239612, 6.1622562
