MutagenObjectType: PlacedObject
FormKey: 00165F:CoraCoeMultiversalBookHunter.esm
Base: 0196F5:Starfield.esm
Layer: 001DC5:CoraCoeMultiversalBookHunter.esm
Position: -71.50698, 18.391897, 37.34044
Rotation: -0.16255037, -0.2329181, 4.2015247
