MutagenObjectType: PlacedObject
FormKey: 00169B:CoraCoeMultiversalBookHunter.esm
Base: 25405B:Starfield.esm
Layer: 001DC5:CoraCoeMultiversalBookHunter.esm
Position: -63.871937, 35.052666, 38.124695
Rotation: 0.30376858, -0.08696657, 0.8042253
