MutagenObjectType: PlacedObject
FormKey: 00168A:CoraCoeMultiversalBookHunter.esm
Base: 029AE9:Starfield.esm
Layer: 001DC5:CoraCoeMultiversalBookHunter.esm
Position: -64.29823, 13.566602, 38.086792
Rotation: 0.19023436, -0.20406368, 6.2441854
