MutagenObjectType: PlacedObject
FormKey: 001606:CoraCoeMultiversalBookHunter.esm
Base: 01C3BE:Starfield.esm
Layer: 001DC5:CoraCoeMultiversalBookHunter.esm
Position: -50.428394, 57.22288, 35.446392
Rotation: 0.13348594, 0.28467214, 1.9767847
