MutagenObjectType: PlacedObject
FormKey: 001667:CoraCoeMultiversalBookHunter.esm
Base: 25405B:Starfield.esm
Layer: 001DC5:CoraCoeMultiversalBookHunter.esm
Position: -65.86478, 21.316166, 28.71006
Rotation: -0.07003048, -0.16251951, 0.91898185
