MutagenObjectType: PlacedObject
FormKey: 001642:CoraCoeMultiversalBookHunter.esm
Base: 029AF1:Starfield.esm
Layer: 001DC5:CoraCoeMultiversalBookHunter.esm
Scale: 0.71999997
Position: -47.705727, 62.9478, 28.475468
Rotation: 0.012439002, -0.35751045, 0
