MutagenObjectType: PlacedObject
FormKey: 001614:CoraCoeMultiversalBookHunter.esm
Base: 029ADD:Starfield.esm
Layer: 001DC5:CoraCoeMultiversalBookHunter.esm
Scale: 0.72999996
Position: -53.819096, 50.643627, 38.450565
Rotation: -0.22221161, 0.12124666, 4.752433
