MutagenObjectType: PlacedObject
FormKey: 001635:CoraCoeMultiversalBookHunter.esm
Base: 029AE9:Starfield.esm
Layer: 001DC5:CoraCoeMultiversalBookHunter.esm
Position: -18.852547, 56.895363, 18.769764
Rotation: -0.3760517, 0.36710703, 0.68706805
