MutagenObjectType: PlacedObject
FormKey: 0016A6:CoraCoeMultiversalBookHunter.esm
Base: 029AE5:Starfield.esm
Layer: 001DC5:CoraCoeMultiversalBookHunter.esm
Position: -73.61009, 18.805367, 38.488407
Rotation: 0.031354096, 0.050871454, 5.818018
