MutagenObjectType: PlacedObject
FormKey: 001645:CoraCoeMultiversalBookHunter.esm
Base: 029AE9:Starfield.esm
Layer: 001DC5:CoraCoeMultiversalBookHunter.esm
Scale: 0.91999996
Position: -47.260136, 60.4806, 30.314339
Rotation: -0.26248085, -0.29179075, 0.07712806
