MutagenObjectType: PlacedObject
FormKey: 001622:CoraCoeMultiversalBookHunter.esm
Base: 25405C:Starfield.esm
Layer: 001DC5:CoraCoeMultiversalBookHunter.esm
Scale: 0.78
Position: -13.965088, 60.20883, 22.005758
Rotation: -1.2608315, 0.09757447, 0.39340717
