MutagenObjectType: PlacedObject
FormKey: 00166C:CoraCoeMultiversalBookHunter.esm
Base: 029AEB:Starfield.esm
Layer: 001DC5:CoraCoeMultiversalBookHunter.esm
Position: -57.25799, 19.705898, 16.8597
Rotation: -0.16474834, -0.043569576, 5.881956
