MutagenObjectType: PlacedObject
FormKey: 00164E:CoraCoeMultiversalBookHunter.esm
Base: 00B432:Starfield.esm
Layer: 001DC5:CoraCoeMultiversalBookHunter.esm
Position: -30.868896, 23.48601, 36.43882
Rotation: 0.13812336, 0.001209051, 5.903198
