MutagenObjectType: PlacedObject
FormKey: 001604:CoraCoeMultiversalBookHunter.esm
Base: 00B430:Starfield.esm
Layer: 001DC5:CoraCoeMultiversalBookHunter.esm
Scale: 0.81
Position: -46.326103, 61.277576, 45.018158
Rotation: -2.341184, -0.32017827, 3.883737
