MutagenObjectType: PlacedObject
FormKey: 001669:CoraCoeMultiversalBookHunter.esm
Base: 029AEF:Starfield.esm
Layer: 001DC5:CoraCoeMultiversalBookHunter.esm
Position: -64.5479, 15.8828335, 29.053934
Rotation: 2.1583502, 0.033766024, 0
