MutagenObjectType: PlacedObject
FormKey: 0016AE:CoraCoeMultiversalBookHunter.esm
Base: 029AEF:Starfield.esm
Layer: 001DC5:CoraCoeMultiversalBookHunter.esm
Position: -81.408585, 15.292894, 38.589268
Rotation: -0.11348584, -0.06270797, 6.1538796
