MutagenObjectType: PlacedObject
FormKey: 001625:CoraCoeMultiversalBookHunter.esm
Base: 01C3BE:Starfield.esm
Layer: 001DC5:CoraCoeMultiversalBookHunter.esm
Position: -42.79678, 55.290787, 19.66249
Rotation: 0.020386286, -0.11888911, 0.05997843
