MutagenObjectType: PlacedObject
FormKey: 001603:CoraCoeMultiversalBookHunter.esm
Base: 01C3BE:Starfield.esm
Layer: 001DC5:CoraCoeMultiversalBookHunter.esm
Position: -31.693474, 63.20031, 41.66988
Rotation: 0.6323796, -0.17552099, 2.2760737
