MutagenObjectType: PlacedObject
FormKey: 00166E:CoraCoeMultiversalBookHunter.esm
Base: 029AE9:Starfield.esm
Layer: 001DC5:CoraCoeMultiversalBookHunter.esm
Scale: 1.29
Position: -59.685665, 20.03232, 14.222498
Rotation: -0.047914475, 0.65084815, 0.010805477
