MutagenObjectType: PlacedObject
FormKey: 001696:CoraCoeMultiversalBookHunter.esm
Base: 029AEB:Starfield.esm
Layer: 001DC5:CoraCoeMultiversalBookHunter.esm
Position: -65.501724, 31.555922, 37.966377
Rotation: -0.10102573, -0.05138467, 5.6123605
