MutagenObjectType: PlacedObject
FormKey: 0016A3:CoraCoeMultiversalBookHunter.esm
Base: 029AE5:Starfield.esm
Layer: 001DC5:CoraCoeMultiversalBookHunter.esm
Scale: 2.5
Position: -73.655396, 34.875534, 42.031803
Rotation: -0.32786927, -0.55925244, 3.552348
