MutagenObjectType: PlacedObject
FormKey: 00167F:CoraCoeMultiversalBookHunter.esm
Base: 06F39E:Starfield.esm
Layer: 001DC5:CoraCoeMultiversalBookHunter.esm
Scale: 1.1899999
Position: -56.309265, 50.873398, 39.421688
Rotation: -0.40096065, -0.33257774, 4.986883
