MutagenObjectType: PlacedObject
FormKey: 001617:CoraCoeMultiversalBookHunter.esm
Base: 029ADF:Starfield.esm
Layer: 001DC5:CoraCoeMultiversalBookHunter.esm
Scale: 0.66999996
Position: -49.697487, 53.216156, 39.409065
Rotation: -0.9898948, -0.6835424, 2.74856
