MutagenObjectType: PlacedObject
FormKey: 00162D:CoraCoeMultiversalBookHunter.esm
Base: 029ADD:Starfield.esm
Layer: 001DC5:CoraCoeMultiversalBookHunter.esm
Position: -35.026276, 72.791824, 26.662762
Rotation: -0.61407775, 0.43428603, 0.72689694
