MutagenObjectType: PlacedObject
FormKey: 00165B:CoraCoeMultiversalBookHunter.esm
Base: 029AF1:Starfield.esm
Layer: 001DC5:CoraCoeMultiversalBookHunter.esm
Position: -65.85455, 18.188837, 26.445835
Rotation: -3.1413736, 0.051011473, 5.6025524
