MutagenObjectType: PlacedObject
FormKey: 001607:CoraCoeMultiversalBookHunter.esm
Base: 029ADD:Starfield.esm
Layer: 001DC5:CoraCoeMultiversalBookHunter.esm
Scale: 0.38
Position: -35.31372, 63.74796, 40.638287
Rotation: -0.7040444, 0.16656454, 3.1826675
