MutagenObjectType: PlacedObject
FormKey: 001682:CoraCoeMultiversalBookHunter.esm
Base: 06F39E:Starfield.esm
Layer: 001DC5:CoraCoeMultiversalBookHunter.esm
Scale: 1.1899999
Position: -61.750343, 34.158657, 38.20462
Rotation: 0.08370696, 0.098148435, 5.944261
