MutagenObjectType: PlacedObject
FormKey: 00168E:CoraCoeMultiversalBookHunter.esm
Base: 029AEF:Starfield.esm
Layer: 001DC5:CoraCoeMultiversalBookHunter.esm
Position: -66.95764, 24.707312, 39.115067
Rotation: -0.024172973, 0.12860459, 6.2800846
