MutagenObjectType: PlacedObject
FormKey: 001688:CoraCoeMultiversalBookHunter.esm
Base: 029ADB:Starfield.esm
Layer: 001DC5:CoraCoeMultiversalBookHunter.esm
Position: -61.79752, 13.605584, 38.180637
Rotation: 0.2851967, -0.1628553, 1.1939739
