MutagenObjectType: PlacedObject
FormKey: 001637:CoraCoeMultiversalBookHunter.esm
Base: 029AEB:Starfield.esm
Layer: 001DC5:CoraCoeMultiversalBookHunter.esm
Position: -22.246887, 64.11537, 21.892347
Rotation: -0.5360117, -0.13413592, 1.3538595
