MutagenObjectType: PlacedObject
FormKey: 001613:CoraCoeMultiversalBookHunter.esm
Base: 029AD7:Starfield.esm
Layer: 001DC5:CoraCoeMultiversalBookHunter.esm
Scale: 0.71999997
Position: -56.11642, 51.35559, 39.18191
Rotation: -0.004742346, 0.049122967, 6.282953
