MutagenObjectType: PlacedObject
FormKey: 001648:CoraCoeMultiversalBookHunter.esm
Base: 029AEB:Starfield.esm
Layer: 001DC5:CoraCoeMultiversalBookHunter.esm
Position: -38.726334, 47.169888, 32.576702
Rotation: 0.6260374, 0.14638467, 5.0759497
