MutagenObjectType: PlacedObject
FormKey: 001668:CoraCoeMultiversalBookHunter.esm
Base: 25405B:Starfield.esm
Layer: 001DC5:CoraCoeMultiversalBookHunter.esm
Scale: 1.16
Position: -63.365913, 17.235168, 29.127283
Rotation: 1.3248994, 0.093080744, 4.616535
