MutagenObjectType: PlacedObject
FormKey: 001666:CoraCoeMultiversalBookHunter.esm
Base: 029AEF:Starfield.esm
Layer: 001DC5:CoraCoeMultiversalBookHunter.esm
Position: -66.81138, 17.408442, 29.881224
Rotation: 2.1837742, -1.1335182, 5.2699165
