MutagenObjectType: PlacedObject
FormKey: 001612:CoraCoeMultiversalBookHunter.esm
Base: 029AE9:Starfield.esm
Layer: 001DC5:CoraCoeMultiversalBookHunter.esm
Position: -58.85195, 47.20746, 38.40906
Rotation: -0.035374343, 0.18620448, 6.276634
