MutagenObjectType: PlacedObject
FormKey: 0016AF:CoraCoeMultiversalBookHunter.esm
Base: 029AEB:Starfield.esm
Layer: 001DC5:CoraCoeMultiversalBookHunter.esm
Position: -81.02214, 11.890936, 38.273346
Rotation: -0.051341727, -0.45031473, 0.7449872
