MutagenObjectType: PlacedObject
FormKey: 001638:CoraCoeMultiversalBookHunter.esm
Base: 06F39E:Starfield.esm
Layer: 001DC5:CoraCoeMultiversalBookHunter.esm
Scale: 1.1899999
Position: -42.222404, 70.294815, 29.339882
Rotation: -0.73316604, -0.49724245, 5.066471
