MutagenObjectType: PlacedObject
FormKey: 00160B:CoraCoeMultiversalBookHunter.esm
Base: 029AE5:Starfield.esm
Layer: 001DC5:CoraCoeMultiversalBookHunter.esm
Scale: 0.41
Position: -48.624004, 60.406845, 39.329124
Rotation: -0.6897229, -0.547991, 1.1942037
