MutagenObjectType: PlacedObject
FormKey: 0016F8:CoraCoeMultiversalBookHunter.esm
Base: 24F0F6:Starfield.esm
Layer: 001DC5:CoraCoeMultiversalBookHunter.esm
Scale: 1.2099999
Position: -45.39818, -32.478455, 25.104641
Rotation: 0.13858084, 0.24590407, 6.093638
