MutagenObjectType: PlacedObject
FormKey: 001626:CoraCoeMultiversalBookHunter.esm
Base: 01C3BB:Starfield.esm
Layer: 001DC5:CoraCoeMultiversalBookHunter.esm
Scale: 0.9
Position: -42.804752, 60.283863, 23.276022
Rotation: 0.047388665, -0.2506658, 5.0376916
