MutagenObjectType: PlacedObject
FormKey: 0016D1:CoraCoeMultiversalBookHunter.esm
Base: 01C3BB:Starfield.esm
Layer: 001DC5:CoraCoeMultiversalBookHunter.esm
Scale: 0.78999996
Position: -45.064793, -3.551079, 35.036877
Rotation: -2.3775115, 0.5100677, 5.2960744
