MutagenObjectType: PlacedObject
FormKey: 001684:CoraCoeMultiversalBookHunter.esm
Base: 06F39E:Starfield.esm
Layer: 001DC5:CoraCoeMultiversalBookHunter.esm
Scale: 1.1899999
Position: -53.908627, 13.654428, 37.628754
Rotation: 0.30714613, -0.11959467, 4.6260614
