MutagenObjectType: PlacedObject
FormKey: 001664:CoraCoeMultiversalBookHunter.esm
Base: 029AEB:Starfield.esm
Layer: 001DC5:CoraCoeMultiversalBookHunter.esm
Position: -64.22389, 17.4799, 27.657244
Rotation: 0.041769788, -0.22945242, 5.556287
