MutagenObjectType: PlacedObject
FormKey: 0016F0:CoraCoeMultiversalBookHunter.esm
Base: 25405B:Starfield.esm
SourcePackIn: 19FABC:Starfield.esm
Layer: 001DC5:CoraCoeMultiversalBookHunter.esm
Position: -54.002045, -39.48652, 21.120745
Rotation: 0.0009574733, 1.2283205, 3.3964376
