MutagenObjectType: PlacedObject
FormKey: 0016A4:CoraCoeMultiversalBookHunter.esm
Base: 029AF1:Starfield.esm
Layer: 001DC5:CoraCoeMultiversalBookHunter.esm
Scale: 1.38
Position: -73.3235, 25.528421, 50.530537
Rotation: -2.209465, 0.50412863, 1.4886415
