MutagenObjectType: PlacedObject
FormKey: 0016AB:CoraCoeMultiversalBookHunter.esm
Base: 029AE9:Starfield.esm
Layer: 001DC5:CoraCoeMultiversalBookHunter.esm
Position: -80.98043, 19.637133, 42.115513
Rotation: 0.08775811, -0.064753436, 2.2708914
