MutagenObjectType: PlacedObject
FormKey: 00166A:CoraCoeMultiversalBookHunter.esm
Base: 029AEF:Starfield.esm
Layer: 001DC5:CoraCoeMultiversalBookHunter.esm
Position: -62.60694, 18.986221, 27.062527
Rotation: 0.295166, -0.032470673, 2.7117424
