MutagenObjectType: PlacedObject
FormKey: 00163B:CoraCoeMultiversalBookHunter.esm
Base: 029AF1:Starfield.esm
Layer: 001DC5:CoraCoeMultiversalBookHunter.esm
Scale: 1.1999999
Position: -43.73559, 69.75272, 34.145317
Rotation: 1.1020725, 0.43771312, 4.361807
