MutagenObjectType: PlacedObject
FormKey: 00169A:CoraCoeMultiversalBookHunter.esm
Base: 029AEF:Starfield.esm
Layer: 001DC5:CoraCoeMultiversalBookHunter.esm
Scale: 0.88
Position: -68.612625, 37.983078, 39.393982
Rotation: -0.8000001, 3.683739E-08, 0.3399999
