MutagenObjectType: PlacedObject
FormKey: 00168F:CoraCoeMultiversalBookHunter.esm
Base: 029AEF:Starfield.esm
Layer: 001DC5:CoraCoeMultiversalBookHunter.esm
Position: -70.48947, 25.18324, 38.940575
Rotation: 0.050542463, 0.036479957, 0
