MutagenObjectType: PlacedObject
FormKey: 00165E:CoraCoeMultiversalBookHunter.esm
Base: 029AD7:Starfield.esm
Layer: 001DC5:CoraCoeMultiversalBookHunter.esm
Position: -54.600025, 19.905354, 36.94736
Rotation: -0.0012469348, -0.08751828, 0.56175786
