MutagenObjectType: PlacedObject
FormKey: 00163C:CoraCoeMultiversalBookHunter.esm
Base: 06F39E:Starfield.esm
Layer: 001DC5:CoraCoeMultiversalBookHunter.esm
Position: -47.134552, 64.37229, 30.079248
Rotation: -0.14045498, -0.19658943, 4.383377
