MutagenObjectType: PlacedObject
FormKey: 001610:CoraCoeMultiversalBookHunter.esm
Base: 029AE3:Starfield.esm
Layer: 001DC5:CoraCoeMultiversalBookHunter.esm
Scale: 1.23
Position: -57.720337, 52.8891, 39.625843
Rotation: -0.3298118, -0.011720326, 4.949104
