MutagenObjectType: PlacedObject
FormKey: 0016A7:CoraCoeMultiversalBookHunter.esm
Base: 029AEF:Starfield.esm
Layer: 001DC5:CoraCoeMultiversalBookHunter.esm
Position: -72.94007, 13.67191, 39.470383
Rotation: -0.01486834, 0.028126381, 1.849538
