MutagenObjectType: PlacedObject
FormKey: 001618:CoraCoeMultiversalBookHunter.esm
Base: 25405C:Starfield.esm
Layer: 001DC5:CoraCoeMultiversalBookHunter.esm
Position: -51.170456, 52.264496, 39.41414
Rotation: -0.31479618, -0.16837823, 0.4159483
