MutagenObjectType: PlacedObject
FormKey: 001619:CoraCoeMultiversalBookHunter.esm
Base: 01C3BB:Starfield.esm
Layer: 001DC5:CoraCoeMultiversalBookHunter.esm
Position: -33.99358, 72.864876, 34.057007
Rotation: 0.9324571, -0.16800538, 1.0208231
