MutagenObjectType: PlacedObject
FormKey: 001654:CoraCoeMultiversalBookHunter.esm
Base: 029ADB:Starfield.esm
Layer: 001DC5:CoraCoeMultiversalBookHunter.esm
Scale: 1.11
Position: -44.44094, 33.343945, 35.19854
Rotation: -0.037891004, 0.05272921, 0.762986
