MutagenObjectType: PlacedObject
FormKey: 00168D:CoraCoeMultiversalBookHunter.esm
Base: 029AE3:Starfield.esm
Layer: 001DC5:CoraCoeMultiversalBookHunter.esm
Position: -67.13226, 25.799278, 39.262703
Rotation: 1.8891509, -0.026342949, 6.0304227
