MutagenObjectType: PlacedObject
FormKey: 001643:CoraCoeMultiversalBookHunter.esm
Base: 029AD9:Starfield.esm
Layer: 001DC5:CoraCoeMultiversalBookHunter.esm
Position: -46.969482, 58.375374, 29.65072
Rotation: -0.11620011, 0.14613739, 5.0020795
