MutagenObjectType: PlacedObject
FormKey: 00160D:CoraCoeMultiversalBookHunter.esm
Base: 029ADD:Starfield.esm
Layer: 001DC5:CoraCoeMultiversalBookHunter.esm
Position: -54.651302, 54.732334, 40.4478
Rotation: -0.3421128, 0.13763209, 0.23553862
