MutagenObjectType: PlacedObject
FormKey: 00166B:CoraCoeMultiversalBookHunter.esm
Base: 029ADF:Starfield.esm
Layer: 001DC5:CoraCoeMultiversalBookHunter.esm
Scale: 0.69
Position: -59.158344, 22.059946, 14.63622
Rotation: 0.086537056, 0.34582978, 0.9431282
