MutagenObjectType: PlacedObject
FormKey: 001663:CoraCoeMultiversalBookHunter.esm
Base: 029AE3:Starfield.esm
Layer: 001DC5:CoraCoeMultiversalBookHunter.esm
Position: -67.73194, 20.427889, 28.465876
Rotation: -0.023329971, -0.017324662, 1.8616507
