MutagenObjectType: PlacedObject
FormKey: 001657:CoraCoeMultiversalBookHunter.esm
Base: 25405C:Starfield.esm
Layer: 001DC5:CoraCoeMultiversalBookHunter.esm
Scale: 1.29
Position: -45.336304, 27.6921, 36.46831
Rotation: 0.08050907, 0.14305137, 0.3232594
