MutagenObjectType: PlacedObject
FormKey: 001649:CoraCoeMultiversalBookHunter.esm
Base: 029ADF:Starfield.esm
Layer: 001DC5:CoraCoeMultiversalBookHunter.esm
Scale: 0.90999997
Position: -36.666027, 47.109577, 33.58546
Rotation: -0.36879796, 1.3590953, 0.18727274
