MutagenObjectType: PlacedObject
FormKey: 001660:CoraCoeMultiversalBookHunter.esm
Base: 029AE9:Starfield.esm
Layer: 001DC5:CoraCoeMultiversalBookHunter.esm
Position: -70.61938, 21.640474, 39.263268
Rotation: 0.31150064, 0.059418786, 5.68906
