MutagenObjectType: PlacedObject
FormKey: 00163E:CoraCoeMultiversalBookHunter.esm
Base: 24F0F6:Starfield.esm
Layer: 001DC5:CoraCoeMultiversalBookHunter.esm
Position: -44.421482, 67.833115, 30.25246
Rotation: -0.25460216, -0.18842715, 4.712389
