MutagenObjectType: PlacedObject
FormKey: 0016AA:CoraCoeMultiversalBookHunter.esm
Base: 029ADF:Starfield.esm
Layer: 001DC5:CoraCoeMultiversalBookHunter.esm
Position: -81.820404, 22.051575, 42.16321
Rotation: -1.2075714, -1.0396793, 2.824897
