MutagenObjectType: PlacedObject
FormKey: 0016A1:CoraCoeMultiversalBookHunter.esm
Base: 00B431:Starfield.esm
Layer: 001DC5:CoraCoeMultiversalBookHunter.esm
Scale: 1.38
Position: -67.77818, 22.146355, 49.300426
Rotation: 1.5877001, 0.6967801, 0.050646722
