MutagenObjectType: PlacedObject
FormKey: 00167E:CoraCoeMultiversalBookHunter.esm
Base: 06F39E:Starfield.esm
Layer: 001DC5:CoraCoeMultiversalBookHunter.esm
Scale: 1.1899999
Position: -52.606407, 51.648285, 38.804012
Rotation: -0.6224787, -0.38682297, 5.2511644
