MutagenObjectType: PlacedObject
FormKey: 0016FC:CoraCoeMultiversalBookHunter.esm
Base: 06F39D:Starfield.esm
Layer: 001DC5:CoraCoeMultiversalBookHunter.esm
Position: -38.372944, -20.300611, 27.995384
Rotation: -0.35336494, 0.20028889, 4.567176
