MutagenObjectType: PlacedObject
FormKey: 0016F5:CoraCoeMultiversalBookHunter.esm
Base: 012368:Starfield.esm
Layer: 001DC5:CoraCoeMultiversalBookHunter.esm
Position: -58.017155, -44.05256, 19.76929
Rotation: 0.3454178, 0.22261629, 4.719369
