MutagenObjectType: PlacedObject
FormKey: 00167B:CoraCoeMultiversalBookHunter.esm
Base: 029AE3:Starfield.esm
Layer: 001DC5:CoraCoeMultiversalBookHunter.esm
Position: -53.068253, 23.648281, 38.783283
Rotation: 0.06130141, -0.100491084, 3.5256243
