MutagenObjectType: PlacedObject
FormKey: 001633:CoraCoeMultiversalBookHunter.esm
Base: 24F0F6:Starfield.esm
Layer: 001DC5:CoraCoeMultiversalBookHunter.esm
Position: -21.206757, 60.051758, 20.054085
Rotation: -0.4231613, -0.55540466, 5.5660443
