MutagenObjectType: PlacedObject
FormKey: 00160F:CoraCoeMultiversalBookHunter.esm
Base: 029AEB:Starfield.esm
Layer: 001DC5:CoraCoeMultiversalBookHunter.esm
Scale: 0.59999996
Position: -53.170193, 52.282055, 39.38854
Rotation: -0.04019727, -0.06146203, 0.14227214
