MutagenObjectType: PlacedObject
FormKey: 001609:CoraCoeMultiversalBookHunter.esm
Base: 25405B:Starfield.esm
Layer: 001DC5:CoraCoeMultiversalBookHunter.esm
Scale: 0.78999996
Position: -35.394115, 64.99365, 40.379745
Rotation: -0.14819509, 0.027037624, 3.1618834
