MutagenObjectType: PlacedObject
FormKey: 001679:CoraCoeMultiversalBookHunter.esm
Base: 0196F5:Starfield.esm
Layer: 001DC5:CoraCoeMultiversalBookHunter.esm
Position: -55.570293, 30.534834, 36.622066
Rotation: -3.1151576, 0.18789054, 5.677406
