MutagenObjectType: PlacedObject
FormKey: 0016C6:CoraCoeMultiversalBookHunter.esm
Base: 01C3BF:Starfield.esm
Layer: 001DC5:CoraCoeMultiversalBookHunter.esm
Position: -64.76022, 2.0500526, 43.094524
Rotation: -2.078238, 0.54664695, 4.452381
