MutagenObjectType: PlacedObject
FormKey: 001683:CoraCoeMultiversalBookHunter.esm
Base: 06F39E:Starfield.esm
Layer: 001DC5:CoraCoeMultiversalBookHunter.esm
Scale: 1.1899999
Position: -52.28478, 18.215532, 36.69661
Rotation: -0.046330236, -0.37027013, 4.7771487
