MutagenObjectType: PlacedObject
FormKey: 001678:CoraCoeMultiversalBookHunter.esm
Base: 019700:Starfield.esm
Layer: 001DC5:CoraCoeMultiversalBookHunter.esm
Position: -57.98723, 32.376976, 29.238062
Rotation: -0.2708987, -0.24194291, 2.0265431
