MutagenObjectType: PlacedObject
FormKey: 001624:CoraCoeMultiversalBookHunter.esm
Base: 01C3BF:Starfield.esm
Layer: 001DC5:CoraCoeMultiversalBookHunter.esm
Position: -33.24656, 63.83252, 23.213232
Rotation: -0.29284796, 0.037744977, 4.872381
