MutagenObjectType: PlacedObject
FormKey: 00164D:CoraCoeMultiversalBookHunter.esm
Base: 00B431:Starfield.esm
Layer: 001DC5:CoraCoeMultiversalBookHunter.esm
Scale: 1.38
Position: -55.346413, 41.44345, 48.148296
Rotation: -2.6731198, 0.26597112, 3.882353
