MutagenObjectType: PlacedObject
FormKey: 0016FF:CoraCoeMultiversalBookHunter.esm
Base: 029AEF:Starfield.esm
Layer: 001DC5:CoraCoeMultiversalBookHunter.esm
Position: -41.506092, -24.611557, 27.672617
Rotation: -0.034104917, 0.36451796, 4.7528024
