MutagenObjectType: PlacedObject
FormKey: 001632:CoraCoeMultiversalBookHunter.esm
Base: 06F39E:Starfield.esm
Layer: 001DC5:CoraCoeMultiversalBookHunter.esm
Position: -23.723728, 56.852455, 20.086586
Rotation: -0.1312662, -0.23785484, 0.031161182
