MutagenObjectType: PlacedObject
FormKey: 001671:CoraCoeMultiversalBookHunter.esm
Base: 25405B:Starfield.esm
Layer: 001DC5:CoraCoeMultiversalBookHunter.esm
Position: -55.18557, 22.15339, 16.559252
Rotation: -0.84752756, 0.17815287, 0.23766916
