MutagenObjectType: PlacedObject
FormKey: 001674:CoraCoeMultiversalBookHunter.esm
Base: 06F39D:Starfield.esm
Layer: 001DC5:CoraCoeMultiversalBookHunter.esm
Position: -55.460457, 29.874023, 13.492875
Rotation: 0.003928376, -0.0044402857, 4.712389
