MutagenObjectType: PlacedObject
FormKey: 0016B0:CoraCoeMultiversalBookHunter.esm
Base: 06F39E:Starfield.esm
Layer: 001DC5:CoraCoeMultiversalBookHunter.esm
Scale: 1.4
Position: -82.54232, 13.568296, 38.98151
Rotation: -0.07336967, -0.21949394, 0.25140175
