MutagenObjectType: PlacedObject
FormKey: 0016C8:CoraCoeMultiversalBookHunter.esm
Base: 0196F5:Starfield.esm
Layer: 001DC5:CoraCoeMultiversalBookHunter.esm
Position: -71.086006, 12.673371, 46.3242
Rotation: -1.6905125, 1.378223, 3.1187322
