MutagenObjectType: PlacedObject
FormKey: 001647:CoraCoeMultiversalBookHunter.esm
Base: 06F39E:Starfield.esm
Layer: 001DC5:CoraCoeMultiversalBookHunter.esm
Scale: 0.97999996
Position: -37.61922, 45.37308, 33.336796
Rotation: 0.17934652, 0.1195533, 3.8483217
