MutagenObjectType: PlacedObject
FormKey: 00164B:CoraCoeMultiversalBookHunter.esm
Base: 00B431:Starfield.esm
Layer: 001DC5:CoraCoeMultiversalBookHunter.esm
Scale: 1.23
Position: -39.1764, 51.85335, 44.969917
Rotation: -2.5574505, 0.5892687, 2.6812704
