MutagenObjectType: PlacedObject
FormKey: 001631:CoraCoeMultiversalBookHunter.esm
Base: 013D95:Starfield.esm
Layer: 001DC5:CoraCoeMultiversalBookHunter.esm
Scale: 1.25
Position: -24.838753, 66.320465, 24.405659
Rotation: -0.5168737, -0.15182377, 4.1002746
