MutagenObjectType: PlacedObject
FormKey: 00163D:CoraCoeMultiversalBookHunter.esm
Base: 029AF1:Starfield.esm
Layer: 001DC5:CoraCoeMultiversalBookHunter.esm
Position: -44.703278, 68.94179, 26.325403
Rotation: 0.3165422, 0.4449436, 5.133674
