MutagenObjectType: PlacedObject
FormKey: 0016AC:CoraCoeMultiversalBookHunter.esm
Base: 029AEB:Starfield.esm
Layer: 001DC5:CoraCoeMultiversalBookHunter.esm
Position: -82.972435, 16.788654, 41.245872
Rotation: -0.3530385, -0.13052285, 4.942438
