MutagenObjectType: PlacedObject
FormKey: 0016B2:CoraCoeMultiversalBookHunter.esm
Base: 06F39E:Starfield.esm
Layer: 001DC5:CoraCoeMultiversalBookHunter.esm
Position: -80.10732, 23.960262, 39.135586
Rotation: -0.046532758, -0.32167715, 0.26251328
