MutagenObjectType: PlacedObject
FormKey: 001640:CoraCoeMultiversalBookHunter.esm
Base: 06F39E:Starfield.esm
Layer: 001DC5:CoraCoeMultiversalBookHunter.esm
Scale: 1.1899999
Position: -38.039402, 72.8255, 29.385927
Rotation: -0.6206907, -0.2558645, 5.365556
