MutagenObjectType: PlacedObject
FormKey: 001630:CoraCoeMultiversalBookHunter.esm
Base: 06F39E:Starfield.esm
Layer: 001DC5:CoraCoeMultiversalBookHunter.esm
Position: -29.490355, 70.4253, 27.01052
Rotation: -0.30208054, -0.24929498, 0.062431835
