MutagenObjectType: PlacedObject
FormKey: 001691:CoraCoeMultiversalBookHunter.esm
Base: 06F39E:Starfield.esm
Layer: 001DC5:CoraCoeMultiversalBookHunter.esm
Scale: 1.4
Position: -71.62252, 23.706932, 38.883034
Rotation: 0.40066224, 0.1806597, 4.7041917
