MutagenObjectType: PlacedObject
FormKey: 0016A0:CoraCoeMultiversalBookHunter.esm
Base: 00B432:Starfield.esm
Layer: 001DC5:CoraCoeMultiversalBookHunter.esm
Scale: 1.38
Position: -59.73698, 31.042864, 46.134243
Rotation: 0.049382694, -0.49234706, 1.6085423
