MutagenObjectType: PlacedObject
FormKey: 00165C:CoraCoeMultiversalBookHunter.esm
Base: 01C3BF:Starfield.esm
Layer: 001DC5:CoraCoeMultiversalBookHunter.esm
Position: -63.38877, 13.218133, 32.468395
Rotation: 1.3948057, -0.31446385, 0.038635336
