MutagenObjectType: PlacedObject
FormKey: 00162A:CoraCoeMultiversalBookHunter.esm
Base: 06F39E:Starfield.esm
Layer: 001DC5:CoraCoeMultiversalBookHunter.esm
Position: -35.118427, 54.492985, 18.635582
Rotation: -0.6057654, -0.41984347, 0.084866725
