MutagenObjectType: PlacedObject
FormKey: 001675:CoraCoeMultiversalBookHunter.esm
Base: 06F39D:Starfield.esm
Layer: 001DC5:CoraCoeMultiversalBookHunter.esm
Position: -53.436028, 24.836945, 16.2632
Rotation: 0.19420797, 0.36111307, 6.2251387
