MutagenObjectType: PlacedObject
FormKey: 0016F9:CoraCoeMultiversalBookHunter.esm
Base: 013D95:Starfield.esm
Layer: 001DC5:CoraCoeMultiversalBookHunter.esm
Position: -42.66384, -37.321968, 25.532938
Rotation: 0.007081418, 0.3028503, 5.161642
