MutagenObjectType: PlacedObject
FormKey: 001636:CoraCoeMultiversalBookHunter.esm
Base: 029AE9:Starfield.esm
Layer: 001DC5:CoraCoeMultiversalBookHunter.esm
Position: -23.334904, 64.61675, 22.341997
Rotation: -0.31909904, -0.31242412, 0.10119043
