MutagenObjectType: PlacedObject
FormKey: 001690:CoraCoeMultiversalBookHunter.esm
Base: 25405B:Starfield.esm
Layer: 001DC5:CoraCoeMultiversalBookHunter.esm
Scale: 1.35
Position: -71.286, 23.043276, 39.328217
Rotation: 0.101984546, -0.0388434, 4.712389
