MutagenObjectType: PlacedObject
FormKey: 0016C5:CoraCoeMultiversalBookHunter.esm
Base: 029AE3:Starfield.esm
Layer: 001DC5:CoraCoeMultiversalBookHunter.esm
Scale: 1.64
Position: -67.08592, -3.9553018, 38.441795
Rotation: -1.6213145, 0.07083288, 2.6219015
