MutagenObjectType: PlacedObject
FormKey: 001665:CoraCoeMultiversalBookHunter.esm
Base: 029AEB:Starfield.esm
Layer: 001DC5:CoraCoeMultiversalBookHunter.esm
Position: -64.56828, 19.019049, 27.286583
Rotation: 0.114569694, 0.18722698, 5.635726
