MutagenObjectType: PlacedObject
FormKey: 00164A:CoraCoeMultiversalBookHunter.esm
Base: 00B431:Starfield.esm
Layer: 001DC5:CoraCoeMultiversalBookHunter.esm
Scale: 1.1999999
Position: -49.213432, 50.199963, 47.345207
Rotation: -2.4461672, -0.07949291, 4.0867214
