MutagenObjectType: PlacedObject
FormKey: 001615:CoraCoeMultiversalBookHunter.esm
Base: 029AEF:Starfield.esm
Layer: 001DC5:CoraCoeMultiversalBookHunter.esm
Position: -54.01344, 51.121693, 39.52277
Rotation: -0.12094918, -0.15248294, 3.6743283
