MutagenObjectType: PlacedObject
FormKey: 001651:CoraCoeMultiversalBookHunter.esm
Base: 029ADD:Starfield.esm
Layer: 001DC5:CoraCoeMultiversalBookHunter.esm
Position: -33.292152, 28.581614, 35.634827
Rotation: -0.036534794, -0.1178737, 0.17117755
