MutagenObjectType: PlacedObject
FormKey: 00164C:CoraCoeMultiversalBookHunter.esm
Base: 029ADF:Starfield.esm
Layer: 001DC5:CoraCoeMultiversalBookHunter.esm
Position: -38.854153, 48.149452, 41.246284
Rotation: -2.595378, 1.1618919, 2.5779686
