MutagenObjectType: PlacedObject
FormKey: 001659:CoraCoeMultiversalBookHunter.esm
Base: 0196F5:Starfield.esm
Layer: 001DC5:CoraCoeMultiversalBookHunter.esm
Position: -69.46352, 17.603302, 28.756237
Rotation: 0.36428902, 0.22453076, 4.312436
