MutagenObjectType: PlacedObject
FormKey: 0016AD:CoraCoeMultiversalBookHunter.esm
Base: 029ADD:Starfield.esm
Layer: 001DC5:CoraCoeMultiversalBookHunter.esm
Position: -82.553116, 13.946928, 38.30311
Rotation: -0.10274713, -0.14202543, 0.110706314
