MutagenObjectType: PlacedObject
FormKey: 001634:CoraCoeMultiversalBookHunter.esm
Base: 06F39E:Starfield.esm
Layer: 001DC5:CoraCoeMultiversalBookHunter.esm
Position: -18.694757, 55.438435, 18.63876
Rotation: 0.0328162, -0.27376214, 6.0015235
