MutagenObjectType: PlacedObject
FormKey: 001608:CoraCoeMultiversalBookHunter.esm
Base: 029AE9:Starfield.esm
Layer: 001DC5:CoraCoeMultiversalBookHunter.esm
Scale: 1.61
Position: -36.447285, 63.97978, 41.276974
Rotation: -0.8916416, -0.28863776, 3.544229
