MutagenObjectType: PlacedObject
FormKey: 00161F:CoraCoeMultiversalBookHunter.esm
Base: 0196F5:Starfield.esm
Layer: 001DC5:CoraCoeMultiversalBookHunter.esm
Scale: 0.77
Position: -16.826841, 61.877403, 18.077404
Rotation: -0.3360766, -0.45879155, 0
