MutagenObjectType: PlacedObject
FormKey: 001600:CoraCoeMultiversalBookHunter.esm
Base: 00B42F:Starfield.esm
Layer: 001DC5:CoraCoeMultiversalBookHunter.esm
Position: -18.750376, 65.46967, 27.045137
Rotation: 1.6719799, -0.6932599, 5.970834
