MutagenObjectType: PlacedObject
FormKey: 0016F4:CoraCoeMultiversalBookHunter.esm
Base: 24F0F6:Starfield.esm
Layer: 001DC5:CoraCoeMultiversalBookHunter.esm
Scale: 1.37
Position: -59.182613, -39.473904, 19.385479
Rotation: -0.42227274, 0.2366607, 5.46918
