MutagenObjectType: PlacedObject
FormKey: 001629:CoraCoeMultiversalBookHunter.esm
Base: 029AE3:Starfield.esm
Layer: 001DC5:CoraCoeMultiversalBookHunter.esm
Scale: 0.71999997
Position: -34.53274, 57.75737, 20.511343
Rotation: -1.2548984, -0.39074948, 0.46505535
