MutagenObjectType: PlacedObject
FormKey: 0016CC:CoraCoeMultiversalBookHunter.esm
Base: 029AE3:Starfield.esm
Layer: 001DC5:CoraCoeMultiversalBookHunter.esm
Scale: 0.71
Position: -78.02322, 12.069353, 47.391544
Rotation: 1.7214892, 0.5914167, 3.8744938
