MutagenObjectType: PlacedObject
FormKey: 0016D2:CoraCoeMultiversalBookHunter.esm
Base: 01C3BB:Starfield.esm
Layer: 001DC5:CoraCoeMultiversalBookHunter.esm
Scale: 0.78999996
Position: -52.904457, -1.7866504, 36.723587
Rotation: 0.8745731, -0.91301715, 2.4947205
