MutagenObjectType: PlacedObject
FormKey: 0016B9:CoraCoeMultiversalBookHunter.esm
Base: 06F39E:Starfield.esm
Layer: 001DC5:CoraCoeMultiversalBookHunter.esm
Position: -63.022026, 32.47018, 38.580547
Rotation: 0.08290865, 0.056541238, 4.713604
