MutagenObjectType: PlacedObject
FormKey: 0016A5:CoraCoeMultiversalBookHunter.esm
Base: 029ADF:Starfield.esm
Layer: 001DC5:CoraCoeMultiversalBookHunter.esm
Position: -79.35848, 25.77893, 38.05294
Rotation: 0.074553326, -0.018637652, 5.3535423
