MutagenObjectType: PlacedObject
FormKey: 0016D0:CoraCoeMultiversalBookHunter.esm
Base: 00B432:Starfield.esm
Layer: 001DC5:CoraCoeMultiversalBookHunter.esm
Position: -37.554955, -14.569958, 31.792118
Rotation: -1.722548, 0.57126284, 5.4027357
