MutagenObjectType: PlacedObject
FormKey: 0016C7:CoraCoeMultiversalBookHunter.esm
Base: 0196F5:Starfield.esm
Layer: 001DC5:CoraCoeMultiversalBookHunter.esm
Position: -69.60176, 1.4431974, 43.325336
Rotation: 1.6247132, 0.07491986, 0.085601784
