MutagenObjectType: PlacedObject
FormKey: 0016CE:CoraCoeMultiversalBookHunter.esm
Base: 029AD7:Starfield.esm
Layer: 001DC5:CoraCoeMultiversalBookHunter.esm
Scale: 1.1899999
Position: -64.05133, 11.561357, 43.573437
Rotation: 1.9646498, 0.46176153, 0.83155626
