MutagenObjectType: PlacedObject
FormKey: 001650:CoraCoeMultiversalBookHunter.esm
Base: 029AD9:Starfield.esm
Layer: 001DC5:CoraCoeMultiversalBookHunter.esm
Position: -30.198109, 26.038761, 40.804485
Rotation: 2.8956785, 0.6725108, 0.17614795
