MutagenObjectType: PlacedObject
FormKey: 001611:CoraCoeMultiversalBookHunter.esm
Base: 029AEB:Starfield.esm
Layer: 001DC5:CoraCoeMultiversalBookHunter.esm
Position: -58.699463, 50.019344, 39.376686
Rotation: -0.17226599, 0.0859724, 5.3025165
