MutagenObjectType: PlacedObject
FormKey: 001680:CoraCoeMultiversalBookHunter.esm
Base: 06F39E:Starfield.esm
Layer: 001DC5:CoraCoeMultiversalBookHunter.esm
Scale: 1.1899999
Position: -59.403587, 46.96683, 38.245987
Rotation: -0.3716054, -0.12653752, 5.29401
