MutagenObjectType: PlacedObject
FormKey: 00161D:CoraCoeMultiversalBookHunter.esm
Base: 0196F5:Starfield.esm
Layer: 001DC5:CoraCoeMultiversalBookHunter.esm
Position: -30.438953, 62.81173, 21.532982
Rotation: -0.03526409, 0.10552219, 0.325067
