MutagenObjectType: PlacedObject
FormKey: 0016B1:CoraCoeMultiversalBookHunter.esm
Base: 06F39E:Starfield.esm
Layer: 001DC5:CoraCoeMultiversalBookHunter.esm
Position: -82.90581, 18.814062, 42.70499
Rotation: -0.42220715, -0.4339251, 4.901962
