MutagenObjectType: PlacedObject
FormKey: 00169D:CoraCoeMultiversalBookHunter.esm
Base: 25405B:Starfield.esm
Layer: 001DC5:CoraCoeMultiversalBookHunter.esm
Position: -69.67366, 38.492554, 40.177048
Rotation: -0.05609033, -0.31074122, 2.2863328
