MutagenObjectType: PlacedObject
FormKey: 00165D:CoraCoeMultiversalBookHunter.esm
Base: 029AF1:Starfield.esm
Layer: 001DC5:CoraCoeMultiversalBookHunter.esm
Position: -59.551685, 15.438431, 33.662727
Rotation: 1.2144084, 0.08418481, 5.9847245
