MutagenObjectType: PlacedObject
FormKey: 0016FD:CoraCoeMultiversalBookHunter.esm
Base: 06F39D:Starfield.esm
Layer: 001DC5:CoraCoeMultiversalBookHunter.esm
Position: -44.456593, -23.33413, 29.353754
Rotation: 0.19251221, -0.32565165, 0.32442954
