MutagenObjectType: PlacedObject
FormKey: 0016C9:CoraCoeMultiversalBookHunter.esm
Base: 029AD7:Starfield.esm
Layer: 001DC5:CoraCoeMultiversalBookHunter.esm
Position: -77.15452, 10.968973, 47.002674
Rotation: 1.9905427, -0.23947039, 5.475717
