MutagenObjectType: PlacedObject
FormKey: 001652:CoraCoeMultiversalBookHunter.esm
Base: 029ADD:Starfield.esm
Layer: 001DC5:CoraCoeMultiversalBookHunter.esm
Position: -31.656902, 28.698599, 35.938454
Rotation: -0.6100609, 0.23197843, 0.09958742
