MutagenObjectType: PlacedObject
FormKey: 001644:CoraCoeMultiversalBookHunter.esm
Base: 029AD9:Starfield.esm
Layer: 001DC5:CoraCoeMultiversalBookHunter.esm
Position: -46.052025, 55.712982, 29.450764
Rotation: 0.1970351, 0.1241224, 0
