MutagenObjectType: PlacedObject
FormKey: 0016CD:CoraCoeMultiversalBookHunter.esm
Base: 029AE3:Starfield.esm
Layer: 001DC5:CoraCoeMultiversalBookHunter.esm
Scale: 1.1899999
Position: -65.25598, 7.7901483, 40.513527
Rotation: 0.22673938, 0.19407119, 5.160616
