MutagenObjectType: PlacedObject
FormKey: 001698:CoraCoeMultiversalBookHunter.esm
Base: 012366:Starfield.esm
Layer: 001DC5:CoraCoeMultiversalBookHunter.esm
Scale: 1.4
Position: -66.37893, 38.156013, 37.931595
Rotation: 0.029996132, 2.9724065E-08, 4.712389
