MutagenObjectType: PlacedObject
FormKey: 001646:CoraCoeMultiversalBookHunter.esm
Base: 06F39E:Starfield.esm
Layer: 001DC5:CoraCoeMultiversalBookHunter.esm
Scale: 1.1899999
Position: -47.216454, 57.750515, 30.163311
Rotation: -0.01316939, -0.17373152, 0.02194687
