MutagenObjectType: PlacedObject
FormKey: 0016BF:CoraCoeMultiversalBookHunter.esm
Base: 06F39E:Starfield.esm
Layer: 001DC5:CoraCoeMultiversalBookHunter.esm
Scale: 0.90999997
Position: -63.050682, 0.9245875, 35.33737
Rotation: -0.5510814, -0.18128735, 5.4794736
