MutagenObjectType: PlacedObject
FormKey: 0016C4:CoraCoeMultiversalBookHunter.esm
Base: 01C3BF:Starfield.esm
Layer: 001DC5:CoraCoeMultiversalBookHunter.esm
Position: -72.256714, -1.7647275, 36.048805
Rotation: 0.21665062, -0.25909293, 2.1893797
