MutagenObjectType: PlacedObject
FormKey: 001653:CoraCoeMultiversalBookHunter.esm
Base: 029AD7:Starfield.esm
Layer: 001DC5:CoraCoeMultiversalBookHunter.esm
Position: -40.469257, 30.879456, 35.765194
Rotation: 0.1604592, 0.11907987, 0.109596014
