MutagenObjectType: PlacedObject
FormKey: 0016BC:CoraCoeMultiversalBookHunter.esm
Base: 029AE9:Starfield.esm
Layer: 001DC5:CoraCoeMultiversalBookHunter.esm
Position: -73.736206, 9.041283, 38.399834
Rotation: -0.10171677, 0.002279488, 1.0169996
