MutagenObjectType: PlacedObject
FormKey: 001602:CoraCoeMultiversalBookHunter.esm
Base: 01C3BB:Starfield.esm
Layer: 001DC5:CoraCoeMultiversalBookHunter.esm
Position: -32.084408, 71.406, 37.2376
Rotation: -0.2904886, -0.39525154, 3.4563065
