MutagenObjectType: PlacedObject
FormKey: 0016D3:CoraCoeMultiversalBookHunter.esm
Base: 029AE7:Starfield.esm
Layer: 001DC5:CoraCoeMultiversalBookHunter.esm
Scale: 0.78999996
Position: -60.97566, 2.5767677, 35.729176
Rotation: -0.43087015, -0.20853733, 5.9611406
