MutagenObjectType: PlacedObject
FormKey: 001661:CoraCoeMultiversalBookHunter.esm
Base: 029AD7:Starfield.esm
Layer: 001DC5:CoraCoeMultiversalBookHunter.esm
Position: -69.357315, 23.727562, 39.008923
Rotation: 0.15284072, -0.09226087, 6.0642548
