MutagenObjectType: PlacedObject
FormKey: 00160C:CoraCoeMultiversalBookHunter.esm
Base: 029AE3:Starfield.esm
Layer: 001DC5:CoraCoeMultiversalBookHunter.esm
Scale: 0.45999998
Position: -52.503532, 55.1872, 40.59474
Rotation: -0.42138383, -0.3638162, 5.9183893
