MutagenObjectType: PlacedObject
FormKey: 00168B:CoraCoeMultiversalBookHunter.esm
Base: 029ADD:Starfield.esm
Layer: 001DC5:CoraCoeMultiversalBookHunter.esm
Position: -74.21444, 31.774939, 37.792694
Rotation: 0.044580385, -0.022633916, 0.46949533
