MutagenObjectType: PlacedObject
FormKey: 001686:CoraCoeMultiversalBookHunter.esm
Base: 029ADF:Starfield.esm
Layer: 001DC5:CoraCoeMultiversalBookHunter.esm
Scale: 0.45999998
Position: -47.914215, 17.284914, 37.053753
Rotation: 0.28982157, 0.104115196, 0
