MutagenObjectType: PlacedObject
FormKey: 001687:CoraCoeMultiversalBookHunter.esm
Base: 029AD9:Starfield.esm
Layer: 001DC5:CoraCoeMultiversalBookHunter.esm
Position: -56.099445, 12.143318, 39.090645
Rotation: 0.82216924, -0.028675651, 0.040829644
