MutagenObjectType: PlacedObject
FormKey: 001620:CoraCoeMultiversalBookHunter.esm
Base: 029ADB:Starfield.esm
Layer: 001DC5:CoraCoeMultiversalBookHunter.esm
Scale: 0.71999997
Position: -14.544569, 59.851902, 20.981918
Rotation: -1.0316142, 0.12900111, 2.3778105
