MutagenObjectType: PlacedObject
FormKey: 0016F6:CoraCoeMultiversalBookHunter.esm
Base: 24F0F8:Starfield.esm
Layer: 001DC5:CoraCoeMultiversalBookHunter.esm
Position: -55.814663, -44.210075, 19.893574
Rotation: 0.28900978, -0.15404394, 4.712389
