MutagenObjectType: PlacedObject
FormKey: 001656:CoraCoeMultiversalBookHunter.esm
Base: 029AE9:Starfield.esm
Layer: 001DC5:CoraCoeMultiversalBookHunter.esm
Position: -43.59665, 29.048803, 36.252323
Rotation: -0.04635659, 0.18712269, 0
