MutagenObjectType: PlacedObject
FormKey: 00161A:CoraCoeMultiversalBookHunter.esm
Base: 029AEF:Starfield.esm
Layer: 001DC5:CoraCoeMultiversalBookHunter.esm
Position: -11.785132, 53.557003, 27.840565
Rotation: 0.13964365, 0.8440376, 0.10465784
