MutagenObjectType: PlacedObject
FormKey: 001616:CoraCoeMultiversalBookHunter.esm
Base: 029ADD:Starfield.esm
Layer: 001DC5:CoraCoeMultiversalBookHunter.esm
Scale: 0.63
Position: -55.17725, 52.153034, 40.377754
Rotation: 0.22431046, 0.001068381, 1.0542586
