MutagenObjectType: PlacedObject
FormKey: 0016CA:CoraCoeMultiversalBookHunter.esm
Base: 029AD9:Starfield.esm
Layer: 001DC5:CoraCoeMultiversalBookHunter.esm
Position: -75.626366, 12.479675, 47.677326
Rotation: 2.5159385, 0.70573694, 4.157206
