MutagenObjectType: PlacedObject
FormKey: 001601:CoraCoeMultiversalBookHunter.esm
Base: 01C3BE:Starfield.esm
Layer: 001DC5:CoraCoeMultiversalBookHunter.esm
Position: -24.84782, 69.17723, 33.41473
Rotation: -0.06118725, -0.32293555, 3.9635649
