MutagenObjectType: PlacedObject
FormKey: 001681:CoraCoeMultiversalBookHunter.esm
Base: 06F39E:Starfield.esm
Layer: 001DC5:CoraCoeMultiversalBookHunter.esm
Scale: 1.1899999
Position: -50.970123, 50.456753, 38.648808
Rotation: -0.027238999, -0.009067569, 4.7148447
