MutagenObjectType: PlacedObject
FormKey: 001677:CoraCoeMultiversalBookHunter.esm
Base: 06F39D:Starfield.esm
Layer: 001DC5:CoraCoeMultiversalBookHunter.esm
Position: -64.577805, 19.317905, 12.512585
Rotation: 0.23711006, 0.24328162, 6.201332
