MutagenObjectType: PlacedObject
FormKey: 00162B:CoraCoeMultiversalBookHunter.esm
Base: 06F39E:Starfield.esm
Layer: 001DC5:CoraCoeMultiversalBookHunter.esm
Position: -33.703686, 60.74672, 23.45723
Rotation: -0.35442987, -0.016572492, 4.6915216
