MutagenObjectType: PlacedObject
FormKey: 001627:CoraCoeMultiversalBookHunter.esm
Base: 06F39D:Starfield.esm
Layer: 001DC5:CoraCoeMultiversalBookHunter.esm
Scale: 1.22
Position: -34.918846, 58.204884, 21.431202
Rotation: -0.68456286, -0.46359378, 5.815698
