MutagenObjectType: PlacedObject
FormKey: 00162C:CoraCoeMultiversalBookHunter.esm
Base: 00B431:Starfield.esm
Layer: 001DC5:CoraCoeMultiversalBookHunter.esm
Position: -30.031721, 74.442474, 26.50569
Rotation: -0.122012295, -0.4584442, 6.14058
