MutagenObjectType: PlacedObject
FormKey: 0016BE:CoraCoeMultiversalBookHunter.esm
Base: 06F39D:Starfield.esm
Layer: 001DC5:CoraCoeMultiversalBookHunter.esm
Scale: 0.90999997
Position: -73.08846, 0.56964135, 37.159523
Rotation: -0.060597554, -0.2782113, 5.8927927
