MutagenObjectType: PlacedObject
FormKey: 00166F:CoraCoeMultiversalBookHunter.esm
Base: 029AEF:Starfield.esm
Layer: 001DC5:CoraCoeMultiversalBookHunter.esm
Scale: 0.84
Position: -60.21799, 20.793932, 14.437705
Rotation: 1.2553024, 0.9817232, 6.2659965
