MutagenObjectType: PlacedObject
FormKey: 00163F:CoraCoeMultiversalBookHunter.esm
Base: 06F39E:Starfield.esm
Layer: 001DC5:CoraCoeMultiversalBookHunter.esm
Scale: 1.1899999
Position: -34.345016, 68.996704, 27.927792
Rotation: 0.15895778, -0.3075282, 6.2346997
