MutagenObjectType: PlacedObject
FormKey: 001753:CoraCoeMultiversalBookHunter.esm
Base: 012383:Starfield.esm
Layer: 001DC3:CoraCoeMultiversalBookHunter.esm
Scale: 1.7099999
Position: -41.606785, 69.29621, 29.121603
Rotation: -0.12413925, -0.09890063, 0.44119373
