MutagenObjectType: PlacedObject
FormKey: 00173A:CoraCoeMultiversalBookHunter.esm
Base: 012381:Starfield.esm
Layer: 001DC3:CoraCoeMultiversalBookHunter.esm
Scale: 1.12
Position: -55.035114, 41.66243, 38.146027
Rotation: -2.643283E-08, 2.9723942E-08, 0
