MutagenObjectType: PlacedObject
FormKey: 00178F:CoraCoeMultiversalBookHunter.esm
Base: 1FA764:Starfield.esm
Layer: 001DC5:CoraCoeMultiversalBookHunter.esm
Scale: 0.48999998
Position: -46.623665, -24.97535, 28.779564
Rotation: -0.22114396, 0.26600808, 3.8469496
