MutagenObjectType: PlacedObject
FormKey: 0017A8:CoraCoeMultiversalBookHunter.esm
Base: 24F0F8:Starfield.esm
Layer: 001DC5:CoraCoeMultiversalBookHunter.esm
Scale: 1.41
Position: -104.02478, -50.92094, 16.551382
Rotation: 0.00054361316, 0.038805515, 0.55967635
