MutagenObjectType: PlacedObject
FormKey: 0017BB:CoraCoeMultiversalBookHunter.esm
Base: 012382:Starfield.esm
Layer: 001DC3:CoraCoeMultiversalBookHunter.esm
Scale: 1.3
Position: -55.22246, -29.363209, 16.120188
Rotation: -0.07089249, 0.06679265, 4.712389
