MutagenObjectType: PlacedObject
FormKey: 0017C4:CoraCoeMultiversalBookHunter.esm
Base: 01C3BB:Starfield.esm
Layer: 001DC5:CoraCoeMultiversalBookHunter.esm
Scale: 0.71999997
Position: -93.85956, -12.99412, 17.997059
Rotation: 0.26471546, -0.36134762, 4.3319607
