MutagenObjectType: PlacedObject
FormKey: 001798:CoraCoeMultiversalBookHunter.esm
Base: 029ADD:Starfield.esm
Layer: 001DC5:CoraCoeMultiversalBookHunter.esm
Scale: 1.18
Position: -106.88262, -52.00132, 16.12984
Rotation: -0.58324504, -0.32752815, 1.9303485
