MutagenObjectType: PlacedObject
FormKey: 0017FA:CoraCoeMultiversalBookHunter.esm
Base: 029AE5:Starfield.esm
Layer: 001DC5:CoraCoeMultiversalBookHunter.esm
Scale: 0.64
Position: -61.257652, 29.99028, 28.60821
Rotation: 0.10547486, 0.0975548, 1.4199351
