MutagenObjectType: PlacedObject
FormKey: 00174A:CoraCoeMultiversalBookHunter.esm
Base: 012381:Starfield.esm
Layer: 001DC3:CoraCoeMultiversalBookHunter.esm
Scale: 1.81
Position: -37.36689, 38.033016, 35.020542
Rotation: 0.2375003, 0.07022534, 4.702647
