MutagenObjectType: PlacedObject
FormKey: 001728:CoraCoeMultiversalBookHunter.esm
Base: 012382:Starfield.esm
Layer: 001DC3:CoraCoeMultiversalBookHunter.esm
Scale: 1.25
Position: -70.129944, 1.005806, 36.675503
Rotation: -0.37024668, -0.030270625, 4.712389
