MutagenObjectType: PlacedObject
FormKey: 00171A:CoraCoeMultiversalBookHunter.esm
Base: 012381:Starfield.esm
Layer: 001DC3:CoraCoeMultiversalBookHunter.esm
Scale: 1.4699999
Position: -47.33627, -12.435726, 30.252848
Rotation: -0.0073440387, -0.087300286, 0.0006403339
