MutagenObjectType: PlacedObject
FormKey: 001772:CoraCoeMultiversalBookHunter.esm
Base: 029AF3:Starfield.esm
Layer: 001DC5:CoraCoeMultiversalBookHunter.esm
Scale: 1.4499999
Position: -53.31067, -19.612577, 17.050865
Rotation: 0.09268102, -0.16952619, 0.2514664
