MutagenObjectType: PlacedObject
FormKey: 00174E:CoraCoeMultiversalBookHunter.esm
Base: 012382:Starfield.esm
Layer: 001DC3:CoraCoeMultiversalBookHunter.esm
Scale: 1.2099999
Position: -38.130005, 40.394024, 13.603662
Rotation: -0.010596618, 0.007104052, 0.296201
