MutagenObjectType: PlacedObject
FormKey: 001781:CoraCoeMultiversalBookHunter.esm
Base: 029AEB:Starfield.esm
Layer: 001DC5:CoraCoeMultiversalBookHunter.esm
Position: -66.05652, -41.274414, 17.339977
Rotation: 0.2108172, -0.039798822, 0
