MutagenObjectType: PlacedObject
FormKey: 001777:CoraCoeMultiversalBookHunter.esm
Base: 00B431:Starfield.esm
Layer: 001DC5:CoraCoeMultiversalBookHunter.esm
Scale: 1.23
Position: -43.660084, -41.98352, 24.743393
Rotation: -0.27774224, 0.19615896, 5.7772245
