MutagenObjectType: PlacedObject
FormKey: 0017E7:CoraCoeMultiversalBookHunter.esm
Base: 029ADF:Starfield.esm
Layer: 001DC5:CoraCoeMultiversalBookHunter.esm
Scale: 0.59999996
Position: -80.95243, 6.7643294, 17.165018
Rotation: -0.4584121, 0.477471, 6.179867
