MutagenObjectType: PlacedObject
FormKey: 001743:CoraCoeMultiversalBookHunter.esm
Base: 012382:Starfield.esm
Layer: 001DC3:CoraCoeMultiversalBookHunter.esm
Scale: 1.04
Position: -46.015884, 22.640505, 36.235065
Rotation: 0.010034064, 0.0064695044, 4.712389
