MutagenObjectType: PlacedObject
FormKey: 0017AF:CoraCoeMultiversalBookHunter.esm
Base: 211462:Starfield.esm
Layer: 001DC3:CoraCoeMultiversalBookHunter.esm
Position: -97.1915, -44.22182, 16.323757
Rotation: 0.18835159, 0.088217266, 4.712389
