MutagenObjectType: PlacedObject
FormKey: 001733:CoraCoeMultiversalBookHunter.esm
Base: 012383:Starfield.esm
Layer: 001DC3:CoraCoeMultiversalBookHunter.esm
Scale: 1.31
Position: -66.852196, 35.289043, 38.23001
Rotation: 0.25106972, -0.21473858, 4.712389
