MutagenObjectType: PlacedObject
FormKey: 001797:CoraCoeMultiversalBookHunter.esm
Base: 029AD9:Starfield.esm
Layer: 001DC5:CoraCoeMultiversalBookHunter.esm
Position: -101.960175, -48.76863, 16.172003
Rotation: -0.092692584, 0.16005786, 5.532071
