MutagenObjectType: PlacedObject
FormKey: 00172B:CoraCoeMultiversalBookHunter.esm
Base: 012383:Starfield.esm
Layer: 001DC3:CoraCoeMultiversalBookHunter.esm
Scale: 1.42
Position: -72.41197, 15.45801, 39.94723
Rotation: -0.041343372, -0.001136642, 5.052126
