MutagenObjectType: PlacedObject
FormKey: 00175F:CoraCoeMultiversalBookHunter.esm
Base: 012382:Starfield.esm
Layer: 001DC3:CoraCoeMultiversalBookHunter.esm
Scale: 1.1899999
Position: -15.13845, 53.346657, 17.74664
Rotation: 0.074441046, -0.2028855, 0.651343
