MutagenObjectType: PlacedObject
FormKey: 001755:CoraCoeMultiversalBookHunter.esm
Base: 012383:Starfield.esm
Layer: 001DC3:CoraCoeMultiversalBookHunter.esm
Scale: 1.28
Position: -44.097256, 60.46403, 30.012981
Rotation: 0.15971176, -0.20272039, 6.1668887
