MutagenObjectType: PlacedObject
FormKey: 00178B:CoraCoeMultiversalBookHunter.esm
Base: 24F0F6:Starfield.esm
Layer: 001DC5:CoraCoeMultiversalBookHunter.esm
Scale: 1.37
Position: -65.15086, -32.802803, 15.756853
Rotation: 0.3083943, 0.2891562, 4.712389
