MutagenObjectType: PlacedObject
FormKey: 00170E:CoraCoeMultiversalBookHunter.esm
Base: 012383:Starfield.esm
Layer: 001DC3:CoraCoeMultiversalBookHunter.esm
Position: -59.863163, -42.437286, 18.884096
Rotation: 0.11456479, 0.2344078, 0.0267194
