MutagenObjectType: PlacedObject
FormKey: 001720:CoraCoeMultiversalBookHunter.esm
Base: 012383:Starfield.esm
Layer: 001DC3:CoraCoeMultiversalBookHunter.esm
Scale: 1.66
Position: -56.246082, -2.088252, 33.615234
Rotation: -0.30761212, -0.12698676, 4.712389
