MutagenObjectType: PlacedObject
FormKey: 001761:CoraCoeMultiversalBookHunter.esm
Base: 012383:Starfield.esm
Layer: 001DC3:CoraCoeMultiversalBookHunter.esm
Scale: 0.90999997
Position: -15.1870365, 50.152073, 17.578022
Rotation: -0.06438187, -0.1902985, 3.0519512
