MutagenObjectType: PlacedObject
FormKey: 001724:CoraCoeMultiversalBookHunter.esm
Base: 211462:Starfield.esm
Layer: 001DC3:CoraCoeMultiversalBookHunter.esm
Position: -63.648296, -2.60138, 34.620655
Rotation: -0.059498552, -0.27732268, 6.2748322
