MutagenObjectType: PlacedObject
FormKey: 001706:CoraCoeMultiversalBookHunter.esm
Base: 06F39E:Starfield.esm
Layer: 001DC5:CoraCoeMultiversalBookHunter.esm
Position: -48.625534, -6.768587, 31.060223
Rotation: -0.17745443, -0.2838174, 0.05017381
