MutagenObjectType: PlacedObject
FormKey: 001726:CoraCoeMultiversalBookHunter.esm
Base: 012382:Starfield.esm
Layer: 001DC3:CoraCoeMultiversalBookHunter.esm
Scale: 1.16
Position: -73.90945, 5.8883247, 38.322086
Rotation: -0.24973467, -0.21519034, 4.712389
