MutagenObjectType: PlacedObject
FormKey: 00176D:CoraCoeMultiversalBookHunter.esm
Base: 00B42E:Starfield.esm
Layer: 001DC5:CoraCoeMultiversalBookHunter.esm
Scale: 0.7
Position: -49.339367, -20.844059, 35.938423
Rotation: -0.1492882, 0.21260397, 4.2354665
