MutagenObjectType: PlacedObject
FormKey: 0017A4:CoraCoeMultiversalBookHunter.esm
Base: 012368:Starfield.esm
Layer: 001DC5:CoraCoeMultiversalBookHunter.esm
Position: -96.69869, -39.522873, 16.102583
Rotation: -0.17558877, -0.14285272, 4.712389
