MutagenObjectType: PlacedObject
FormKey: 00171D:CoraCoeMultiversalBookHunter.esm
Base: 012383:Starfield.esm
Layer: 001DC3:CoraCoeMultiversalBookHunter.esm
Scale: 1.23
Position: -47.835915, -8.969578, 30.738905
Rotation: -0.07053731, 0.06867334, 4.712389
