MutagenObjectType: PlacedObject
FormKey: 001709:CoraCoeMultiversalBookHunter.esm
Base: 06F39E:Starfield.esm
Layer: 001DC5:CoraCoeMultiversalBookHunter.esm
Position: -57.55113, -7.118117, 32.39099
Rotation: 0.34216583, -0.48364174, 5.040738
