MutagenObjectType: PlacedObject
FormKey: 0017DF:CoraCoeMultiversalBookHunter.esm
Base: 029ADF:Starfield.esm
Layer: 001DC5:CoraCoeMultiversalBookHunter.esm
Scale: 0.78999996
Position: -79.40779, 12.215863, 22.861715
Rotation: -2.4419916, -0.8149571, 2.5921013
