MutagenObjectType: PlacedObject
FormKey: 001749:CoraCoeMultiversalBookHunter.esm
Base: 06F39E:Starfield.esm
Layer: 001DC5:CoraCoeMultiversalBookHunter.esm
Position: -38.141266, 36.437035, 35.70599
Rotation: 0.41252863, -0.24416393, 5.6429567
