MutagenObjectType: PlacedObject
FormKey: 00176B:CoraCoeMultiversalBookHunter.esm
Base: 00B430:Starfield.esm
Layer: 001DC5:CoraCoeMultiversalBookHunter.esm
Scale: 0.7
Position: -45.071957, -37.17696, 35.4797
Rotation: 1.9104742, 0.1182078, 0.5372738
