MutagenObjectType: PlacedObject
FormKey: 00178C:CoraCoeMultiversalBookHunter.esm
Base: 24F0F6:Starfield.esm
Layer: 001DC5:CoraCoeMultiversalBookHunter.esm
Scale: 1.37
Position: -63.124603, -44.0422, 18.717037
Rotation: 0.008336632, 0.036136024, 0.22340213
