MutagenObjectType: PlacedObject
FormKey: 0017C3:CoraCoeMultiversalBookHunter.esm
Base: 01C3BB:Starfield.esm
Layer: 001DC5:CoraCoeMultiversalBookHunter.esm
Scale: 0.71999997
Position: -88.99781, -26.246271, 18.461493
Rotation: 0.07310677, 0.43581408, 1.3477714
