MutagenObjectType: PlacedObject
FormKey: 0017E8:CoraCoeMultiversalBookHunter.esm
Base: 25405B:Starfield.esm
Layer: 001DC5:CoraCoeMultiversalBookHunter.esm
Position: -81.65058, 7.619552, 18.94943
Rotation: 0.5498484, -0.46483412, 4.009691
