MutagenObjectType: PlacedObject
FormKey: 0017DC:CoraCoeMultiversalBookHunter.esm
Base: 029ADF:Starfield.esm
Layer: 001DC5:CoraCoeMultiversalBookHunter.esm
Position: -83.379524, 13.089944, 20.951498
Rotation: 1.9379402, -0.5025377, 6.1000433
