MutagenObjectType: PlacedObject
FormKey: 0017C7:CoraCoeMultiversalBookHunter.esm
Base: 029ADF:Starfield.esm
Layer: 001DC5:CoraCoeMultiversalBookHunter.esm
Scale: 0.58
Position: -82.26445, -14.456666, 17.268139
Rotation: 0.05422402, 0.23590384, 5.9423156
