MutagenObjectType: PlacedObject
FormKey: 00172C:CoraCoeMultiversalBookHunter.esm
Base: 012383:Starfield.esm
Layer: 001DC3:CoraCoeMultiversalBookHunter.esm
Scale: 1.5
Position: -69.8901, 13.6280985, 39.633434
Rotation: 0.060093977, -0.0884228, 6.2778726
