MutagenObjectType: PlacedObject
FormKey: 00173B:CoraCoeMultiversalBookHunter.esm
Base: 211462:Starfield.esm
Layer: 001DC3:CoraCoeMultiversalBookHunter.esm
Position: -56.450027, 39.86588, 38.146027
Rotation: -3.9306627E-08, 6.098992E-09, 5.4931855
