MutagenObjectType: PlacedObject
FormKey: 001737:CoraCoeMultiversalBookHunter.esm
Base: 211462:Starfield.esm
Layer: 001DC3:CoraCoeMultiversalBookHunter.esm
Position: -59.62061, 45.21506, 38.146027
Rotation: -0.03004373, 0.046314634, 0.06288707
