MutagenObjectType: PlacedObject
FormKey: 001714:CoraCoeMultiversalBookHunter.esm
Base: 211462:Starfield.esm
Layer: 001DC3:CoraCoeMultiversalBookHunter.esm
Position: -38.918434, -25.256248, 27.641027
Rotation: -0.28472364, 0.15449987, 1.5507027
