MutagenObjectType: PlacedObject
FormKey: 00173C:CoraCoeMultiversalBookHunter.esm
Base: 012381:Starfield.esm
Layer: 001DC3:CoraCoeMultiversalBookHunter.esm
Scale: 1.43
Position: -51.544094, 17.480112, 37.30234
Rotation: 0.36221537, 0.024973638, 4.712389
