MutagenObjectType: PlacedObject
FormKey: 001784:CoraCoeMultiversalBookHunter.esm
Base: 029AEF:Starfield.esm
SourcePackIn: 02A3F7:Starfield.esm
Layer: 001DC5:CoraCoeMultiversalBookHunter.esm
Scale: 1.01
Position: -76.583664, -38.984943, 15.863002
Rotation: 0.82944006, -0.48109412, 3.3471575
