MutagenObjectType: PlacedObject
FormKey: 0017F7:CoraCoeMultiversalBookHunter.esm
Base: 029AE9:Starfield.esm
Layer: 001DC5:CoraCoeMultiversalBookHunter.esm
Position: -64.32191, 28.662598, 29.370373
Rotation: -0.028404498, -0.12877336, 0
