MutagenObjectType: PlacedObject
FormKey: 0017B4:CoraCoeMultiversalBookHunter.esm
Base: 24F0F6:Starfield.esm
Layer: 001DC5:CoraCoeMultiversalBookHunter.esm
Scale: 1.37
Position: -57.031105, -33.401432, 16.646755
Rotation: 0.5495947, 0.24965008, 4.2164974
