MutagenObjectType: PlacedObject
FormKey: 001770:CoraCoeMultiversalBookHunter.esm
Base: 029ADB:Starfield.esm
Layer: 001DC5:CoraCoeMultiversalBookHunter.esm
Position: -48.70773, -30.109053, 17.690245
Rotation: -0.061269656, -0.10500481, 0.21102612
