MutagenObjectType: PlacedObject
FormKey: 0017E4:CoraCoeMultiversalBookHunter.esm
Base: 25405B:Starfield.esm
Layer: 001DC5:CoraCoeMultiversalBookHunter.esm
Position: -83.19444, 11.697169, 19.051617
Rotation: -0.25148612, 0.24068917, 4.712389
