MutagenObjectType: PlacedObject
FormKey: 0017F3:CoraCoeMultiversalBookHunter.esm
Base: 1FA76A:Starfield.esm
Layer: 001DC5:CoraCoeMultiversalBookHunter.esm
Scale: 0.53999996
Position: -71.18411, 18.961412, 38.52222
Rotation: -0.033251982, 0.050651688, 1.9929172
