MutagenObjectType: PlacedObject
FormKey: 001778:CoraCoeMultiversalBookHunter.esm
Base: 029AF1:Starfield.esm
Layer: 001DC5:CoraCoeMultiversalBookHunter.esm
Position: -34.220634, -28.95308, 29.163239
Rotation: -0.2539486, 0.47556564, 5.965107
