MutagenObjectType: PlacedObject
FormKey: 001786:CoraCoeMultiversalBookHunter.esm
Base: 029AE7:Starfield.esm
SourcePackIn: 02A3F7:Starfield.esm
Layer: 001DC5:CoraCoeMultiversalBookHunter.esm
Scale: 0.75
Position: -67.77535, -36.17637, 14.716706
Rotation: -0.23515107, 0.44545206, 2.074104
