MutagenObjectType: PlacedObject
FormKey: 001790:CoraCoeMultiversalBookHunter.esm
Base: 01C3BB:Starfield.esm
Layer: 001DC5:CoraCoeMultiversalBookHunter.esm
Scale: 0.7
Position: -51.06635, -29.297985, 34.28639
Rotation: 0.024003483, 0.1348979, 1.4317372
