MutagenObjectType: PlacedObject
FormKey: 00177E:CoraCoeMultiversalBookHunter.esm
Base: 029ADD:Starfield.esm
Layer: 001DC5:CoraCoeMultiversalBookHunter.esm
Scale: 1.3199999
Position: -57.014317, -39.857388, 19.35754
Rotation: 1.0050492, 0.4626912, 1.9120569
