MutagenObjectType: PlacedObject
FormKey: 001765:CoraCoeMultiversalBookHunter.esm
Base: 012382:Starfield.esm
Layer: 001DC3:CoraCoeMultiversalBookHunter.esm
Scale: 1.27
Position: -29.846863, 51.979115, 17.698072
Rotation: -0.35154575, 0.05132093, 4.712389
