MutagenObjectType: PlacedObject
FormKey: 00174B:CoraCoeMultiversalBookHunter.esm
Base: 24F0F6:Starfield.esm
Layer: 001DC5:CoraCoeMultiversalBookHunter.esm
Scale: 1.04
Position: -39.074947, 38.741707, 34.216164
Rotation: 0.4576193, 0.0167888, 6.21623
