MutagenObjectType: PlacedObject
FormKey: 001791:CoraCoeMultiversalBookHunter.esm
Base: 029ADF:Starfield.esm
Layer: 001DC5:CoraCoeMultiversalBookHunter.esm
Scale: 1.39
Position: -57.074577, -17.032116, 31.110947
Rotation: -0.89308757, -0.16742864, 4.871821
