MutagenObjectType: PlacedObject
FormKey: 001748:CoraCoeMultiversalBookHunter.esm
Base: 012383:Starfield.esm
Layer: 001DC3:CoraCoeMultiversalBookHunter.esm
Scale: 1.27
Position: -38.371613, 29.800186, 36.738853
Rotation: 0.079412006, 0.098419346, 0.007819213
