MutagenObjectType: PlacedObject
FormKey: 001730:CoraCoeMultiversalBookHunter.esm
Base: 012383:Starfield.esm
Layer: 001DC3:CoraCoeMultiversalBookHunter.esm
Scale: 1.48
Position: -60.102448, 32.74437, 38.79056
Rotation: 0.05504906, -0.063058384, 6.279713
