MutagenObjectType: PlacedObject
FormKey: 00175D:CoraCoeMultiversalBookHunter.esm
Base: 012382:Starfield.esm
Layer: 001DC3:CoraCoeMultiversalBookHunter.esm
Scale: 1.2099999
Position: -17.868902, 56.40338, 18.916544
Rotation: -0.6292311, -0.04444969, 4.712389
