MutagenObjectType: PlacedObject
FormKey: 0017B7:CoraCoeMultiversalBookHunter.esm
Base: 24F0F6:Starfield.esm
Layer: 001DC5:CoraCoeMultiversalBookHunter.esm
Scale: 1.37
Position: -65.57724, -18.410383, 15.964566
Rotation: -0.10835765, 0.19717292, 5.450257
