MutagenObjectType: PlacedObject
FormKey: 00170B:CoraCoeMultiversalBookHunter.esm
Base: 012383:Starfield.esm
Layer: 001DC3:CoraCoeMultiversalBookHunter.esm
Scale: 1.5
Position: -64.65576, -42.471252, 18.70599
Rotation: 0.1250919, -0.006858872, 4.712389
