MutagenObjectType: PlacedObject
FormKey: 001783:CoraCoeMultiversalBookHunter.esm
Base: 029AEF:Starfield.esm
SourcePackIn: 02A3F7:Starfield.esm
Layer: 001DC5:CoraCoeMultiversalBookHunter.esm
Position: -75.06466, -38.824924, 16.183092
Rotation: -0.90656734, -1.1877527, 6.0565267
