MutagenObjectType: PlacedObject
FormKey: 00177F:CoraCoeMultiversalBookHunter.esm
Base: 029AD9:Starfield.esm
Layer: 001DC5:CoraCoeMultiversalBookHunter.esm
Scale: 1.3199999
Position: -66.67095, -44.79474, 18.603804
Rotation: -0.20369878, 0.18343888, 0.16954745
