MutagenObjectType: PlacedObject
FormKey: 001708:CoraCoeMultiversalBookHunter.esm
Base: 24F0F6:Starfield.esm
Layer: 001DC5:CoraCoeMultiversalBookHunter.esm
Position: -63.144844, -3.5568357, 34.341225
Rotation: 0.024699766, -0.34687263, 0.03248441
