MutagenObjectType: PlacedObject
FormKey: 001739:CoraCoeMultiversalBookHunter.esm
Base: 012382:Starfield.esm
Layer: 001DC3:CoraCoeMultiversalBookHunter.esm
Scale: 1.61
Position: -48.745953, 50.676926, 38.791866
Rotation: 0.017095722, -0.25826654, 0.43506446
