MutagenObjectType: PlacedObject
FormKey: 001776:CoraCoeMultiversalBookHunter.esm
Base: 029AE5:Starfield.esm
Layer: 001DC5:CoraCoeMultiversalBookHunter.esm
Position: -50.312775, -35.833492, 22.463278
Rotation: 0.041233115, 0.14626226, 3.674019
