MutagenObjectType: PlacedObject
FormKey: 00178E:CoraCoeMultiversalBookHunter.esm
Base: 1FA764:Starfield.esm
Layer: 001DC5:CoraCoeMultiversalBookHunter.esm
Scale: 0.35
Position: -74.06306, -25.570324, 15.58134
Rotation: 0.028873542, 0.016555114, 0.47867373
