MutagenObjectType: PlacedObject
FormKey: 001788:CoraCoeMultiversalBookHunter.esm
Base: 24F0F8:Starfield.esm
Layer: 001DC5:CoraCoeMultiversalBookHunter.esm
Position: -75.577896, -26.82364, 15.420447
Rotation: -0.35217336, -0.068430506, 4.712389
