MutagenObjectType: PlacedObject
FormKey: 00171E:CoraCoeMultiversalBookHunter.esm
Base: 211462:Starfield.esm
Layer: 001DC3:CoraCoeMultiversalBookHunter.esm
Position: -48.176476, -11.958919, 30.429705
Rotation: -0.1260314, -0.17092106, 4.712389
