MutagenObjectType: PlacedObject
FormKey: 001704:CoraCoeMultiversalBookHunter.esm
Base: 24F0F6:Starfield.esm
Layer: 001DC5:CoraCoeMultiversalBookHunter.esm
Position: -47.89247, -13.428193, 30.07434
Rotation: 0.006112129, -0.4694657, 4.1724367
