MutagenObjectType: PlacedObject
FormKey: 0017B1:CoraCoeMultiversalBookHunter.esm
Base: 211462:Starfield.esm
Layer: 001DC3:CoraCoeMultiversalBookHunter.esm
Position: -75.4711, -34.881123, 16.194963
Rotation: 0.16343325, 0.085272945, 4.853389
