MutagenObjectType: PlacedObject
FormKey: 00176C:CoraCoeMultiversalBookHunter.esm
Base: 00B430:Starfield.esm
Layer: 001DC5:CoraCoeMultiversalBookHunter.esm
Scale: 0.7
Position: -41.686626, -28.545452, 35.166508
Rotation: -0.17629042, -0.0061073485, 5.4045677
