MutagenObjectType: PlacedObject
FormKey: 0017B0:CoraCoeMultiversalBookHunter.esm
Base: 211462:Starfield.esm
Layer: 001DC3:CoraCoeMultiversalBookHunter.esm
Position: -77.888985, -27.44186, 15.675031
Rotation: 0.02701918, -0.004052646, 5.4123893
