MutagenObjectType: PlacedObject
FormKey: 001735:CoraCoeMultiversalBookHunter.esm
Base: 012381:Starfield.esm
Layer: 001DC3:CoraCoeMultiversalBookHunter.esm
Scale: 1.4
Position: -69.70977, 34.739594, 38.7007
Rotation: 0.06544689, -0.17149405, 5.3845034
