MutagenObjectType: PlacedObject
FormKey: 0017F9:CoraCoeMultiversalBookHunter.esm
Base: 029ADD:Starfield.esm
Layer: 001DC5:CoraCoeMultiversalBookHunter.esm
Position: -60.594543, 30.951736, 29.810593
Rotation: -0.2702, 0.21128288, 1.4705373
