MutagenObjectType: PlacedObject
FormKey: 0017B5:CoraCoeMultiversalBookHunter.esm
Base: 24F0F6:Starfield.esm
Layer: 001DC5:CoraCoeMultiversalBookHunter.esm
Scale: 1.37
Position: -57.33062, -20.205471, 15.822818
Rotation: -0.05614391, 0.18646483, 6.2727666
