MutagenObjectType: PlacedObject
FormKey: 00178D:CoraCoeMultiversalBookHunter.esm
Base: 1FA765:Starfield.esm
Layer: 001DC5:CoraCoeMultiversalBookHunter.esm
Scale: 0.48
Position: -71.20887, -28.655144, 15.954435
Rotation: 0.031703375, -0.010128825, 1.2092732
