MutagenObjectType: PlacedObject
FormKey: 0017E9:CoraCoeMultiversalBookHunter.esm
Base: 029AEF:Starfield.esm
Layer: 001DC5:CoraCoeMultiversalBookHunter.esm
Scale: 0.88
Position: -79.97811, 3.115085, 14.554034
Rotation: -0.019762356, -0.16276082, 5.781209
