MutagenObjectType: PlacedObject
FormKey: 001701:CoraCoeMultiversalBookHunter.esm
Base: 06F39D:Starfield.esm
Layer: 001DC5:CoraCoeMultiversalBookHunter.esm
Position: -41.624985, -23.468155, 27.92462
Rotation: -0.099090144, -0.12699926, 3.4715695
