MutagenObjectType: PlacedObject
FormKey: 0017DE:CoraCoeMultiversalBookHunter.esm
Base: 01C3BF:Starfield.esm
Layer: 001DC5:CoraCoeMultiversalBookHunter.esm
Scale: 0.55
Position: -82.54334, 12.153471, 23.810608
Rotation: -1.928808, -1.011837, 0.8305992
