MutagenObjectType: PlacedObject
FormKey: 00178A:CoraCoeMultiversalBookHunter.esm
Base: 24F0F6:Starfield.esm
Layer: 001DC5:CoraCoeMultiversalBookHunter.esm
Scale: 1.37
Position: -76.888885, -40.00649, 16.712927
Rotation: 0.005686717, 0.020434145, 6.1025357
