MutagenObjectType: PlacedObject
FormKey: 001727:CoraCoeMultiversalBookHunter.esm
Base: 012382:Starfield.esm
Layer: 001DC3:CoraCoeMultiversalBookHunter.esm
Position: -69.247505, 0.12136227, 36.30907
Rotation: -0.09790057, -0.12558599, 4.2932777
