MutagenObjectType: PlacedObject
FormKey: 001763:CoraCoeMultiversalBookHunter.esm
Base: 012383:Starfield.esm
Layer: 001DC3:CoraCoeMultiversalBookHunter.esm
Scale: 1.17
Position: -20.138632, 41.449654, 14.415451
Rotation: -0.110704154, 0.20079906, 6.2610188
