MutagenObjectType: PlacedObject
FormKey: 001745:CoraCoeMultiversalBookHunter.esm
Base: 012382:Starfield.esm
Layer: 001DC3:CoraCoeMultiversalBookHunter.esm
Scale: 1.51
Position: -38.575783, 24.570206, 36.646732
Rotation: 0.00037912407, 0.04432688, 1.3650467
