MutagenObjectType: PlacedObject
FormKey: 001757:CoraCoeMultiversalBookHunter.esm
Base: 012381:Starfield.esm
Layer: 001DC3:CoraCoeMultiversalBookHunter.esm
Scale: 1.4399999
Position: -36.252403, 72.09395, 28.521902
Rotation: 0.096379004, -0.40353262, 6.2452416
