MutagenObjectType: PlacedObject
FormKey: 001705:CoraCoeMultiversalBookHunter.esm
Base: 24F0F6:Starfield.esm
Layer: 001DC5:CoraCoeMultiversalBookHunter.esm
Position: -41.913624, -15.24358, 29.09977
Rotation: -0.32287923, -0.020887801, 0.120187685
