MutagenObjectType: PlacedObject
FormKey: 0017A9:CoraCoeMultiversalBookHunter.esm
Base: 013D95:Starfield.esm
Layer: 001DC5:CoraCoeMultiversalBookHunter.esm
Position: -107.641594, -45.46681, 16.420107
Rotation: -0.08705809, -0.07986161, 5.9650016
