MutagenObjectType: PlacedObject
FormKey: 001723:CoraCoeMultiversalBookHunter.esm
Base: 012381:Starfield.esm
Layer: 001DC3:CoraCoeMultiversalBookHunter.esm
Scale: 1.54
Position: -71.29883, 2.2749789, 37.025654
Rotation: -0.12263042, -0.015069582, 4.712389
