MutagenObjectType: PlacedObject
FormKey: 0017BF:CoraCoeMultiversalBookHunter.esm
Base: 012383:Starfield.esm
Layer: 001DC3:CoraCoeMultiversalBookHunter.esm
Position: -60.19725, -26.945093, 16.214235
Rotation: -0.08260915, 0.028883787, 4.712389
