MutagenObjectType: PlacedObject
FormKey: 001793:CoraCoeMultiversalBookHunter.esm
Base: 1FA766:Starfield.esm
Layer: 001DC5:CoraCoeMultiversalBookHunter.esm
Scale: 0.58
Position: -63.11794, -36.93626, 13.59601
Rotation: 0.019044986, 0.12476456, 6.233663
