MutagenObjectType: PlacedObject
FormKey: 001738:CoraCoeMultiversalBookHunter.esm
Base: 012383:Starfield.esm
Layer: 001DC3:CoraCoeMultiversalBookHunter.esm
Scale: 1.25
Position: -53.468666, 49.349, 38.64002
Rotation: -0.32764208, 0.014521103, 4.712389
