MutagenObjectType: PlacedObject
FormKey: 001768:CoraCoeMultiversalBookHunter.esm
Base: 01C3BB:Starfield.esm
Layer: 001DC5:CoraCoeMultiversalBookHunter.esm
Scale: 0.90999997
Position: -69.16891, -24.397186, 31.141336
Rotation: -2.0309494, -0.907964, 3.4211812
