MutagenObjectType: PlacedObject
FormKey: 0017BD:CoraCoeMultiversalBookHunter.esm
Base: 012381:Starfield.esm
Layer: 001DC3:CoraCoeMultiversalBookHunter.esm
Scale: 1.12
Position: -58.378315, -32.35162, 16.356604
Rotation: 0.23510599, -0.18603003, 4.712389
