MutagenObjectType: PlacedObject
FormKey: 001734:CoraCoeMultiversalBookHunter.esm
Base: 012383:Starfield.esm
Layer: 001DC3:CoraCoeMultiversalBookHunter.esm
Scale: 1.9
Position: -66.136955, 34.243397, 38.290493
Rotation: 0.077822536, -0.13038811, 5.8891597
