MutagenObjectType: PlacedObject
FormKey: 001752:CoraCoeMultiversalBookHunter.esm
Base: 012383:Starfield.esm
Layer: 001DC3:CoraCoeMultiversalBookHunter.esm
Scale: 1.55
Position: -43.981003, 67.44847, 29.340588
Rotation: -0.24516448, 0.15687037, 4.712389
