MutagenObjectType: PlacedObject
FormKey: 001732:CoraCoeMultiversalBookHunter.esm
Base: 211462:Starfield.esm
Layer: 001DC3:CoraCoeMultiversalBookHunter.esm
Scale: 1.04
Position: -63.437553, 35.981575, 38.146027
Rotation: -2.643283E-08, 2.9723942E-08, 0.053654127
