MutagenObjectType: PlacedObject
FormKey: 0017D9:CoraCoeMultiversalBookHunter.esm
Base: 029AE7:Starfield.esm
Layer: 001DC5:CoraCoeMultiversalBookHunter.esm
Position: -82.93334, 10.225704, 14.740828
Rotation: 0.12246324, -0.35824364, 5.388729
