MutagenObjectType: PlacedObject
FormKey: 001721:CoraCoeMultiversalBookHunter.esm
Base: 211462:Starfield.esm
Layer: 001DC3:CoraCoeMultiversalBookHunter.esm
Position: -60.46796, -1.8065493, 33.794514
Rotation: -0.24443297, -0.32468835, 4.249242
