MutagenObjectType: PlacedObject
FormKey: 0017D2:CoraCoeMultiversalBookHunter.esm
Base: 029AEF:Starfield.esm
SourcePackIn: 19FABC:Starfield.esm
Layer: 001DC5:CoraCoeMultiversalBookHunter.esm
Position: -76.226074, 0.72133684, 15.4910555
Rotation: -1.0699328, -0.97732687, 0.05507043
