MutagenObjectType: PlacedObject
FormKey: 00175A:CoraCoeMultiversalBookHunter.esm
Base: 012383:Starfield.esm
Layer: 001DC3:CoraCoeMultiversalBookHunter.esm
Scale: 1.14
Position: -25.742342, 64.66035, 23.651981
Rotation: -0.40394518, -0.28279856, 3.8913896
