MutagenObjectType: PlacedObject
FormKey: 0017A6:CoraCoeMultiversalBookHunter.esm
Base: 24F0F6:Starfield.esm
Layer: 001DC5:CoraCoeMultiversalBookHunter.esm
Position: -95.656265, -45.210358, 16.593779
Rotation: 0.17021382, 0.072652206, 4.712389
