MutagenObjectType: PlacedObject
FormKey: 001717:CoraCoeMultiversalBookHunter.esm
Base: 012382:Starfield.esm
Layer: 001DC3:CoraCoeMultiversalBookHunter.esm
Scale: 1.2099999
Position: -41.105556, -29.57747, 25.843786
Rotation: -0.06322251, 0.07695885, 5.994469
