MutagenObjectType: PlacedObject
FormKey: 001795:CoraCoeMultiversalBookHunter.esm
Base: 029AF3:Starfield.esm
Layer: 001DC5:CoraCoeMultiversalBookHunter.esm
Position: -98.08156, -47.18148, 15.548143
Rotation: -0.24959172, 0.017320272, 2.3560615
