MutagenObjectType: PlacedObject
FormKey: 001713:CoraCoeMultiversalBookHunter.esm
Base: 012382:Starfield.esm
Layer: 001DC3:CoraCoeMultiversalBookHunter.esm
Scale: 1.9399999
Position: -40.675266, -21.364998, 28.096151
Rotation: -0.14899385, 0.27186432, 6.242902
