MutagenObjectType: PlacedObject
FormKey: 0017AE:CoraCoeMultiversalBookHunter.esm
Base: 012382:Starfield.esm
Layer: 001DC3:CoraCoeMultiversalBookHunter.esm
Scale: 1.1
Position: -108.48384, -47.234684, 16.288927
Rotation: -0.22017185, -0.03525221, 0.2893857
