MutagenObjectType: PlacedObject
FormKey: 0017B3:CoraCoeMultiversalBookHunter.esm
Base: 24F0F6:Starfield.esm
Layer: 001DC5:CoraCoeMultiversalBookHunter.esm
Scale: 1.37
Position: -53.27193, -29.356754, 16.278154
Rotation: -0.16018353, 0.048571117, 5.295397
