MutagenObjectType: PlacedObject
FormKey: 0017E6:CoraCoeMultiversalBookHunter.esm
Base: 25405B:Starfield.esm
Layer: 001DC5:CoraCoeMultiversalBookHunter.esm
Position: -79.062706, 13.606035, 15.641232
Rotation: -0.055523083, -0.19896282, 0.010985045
