MutagenObjectType: PlacedObject
FormKey: 00173D:CoraCoeMultiversalBookHunter.esm
Base: 012381:Starfield.esm
Layer: 001DC3:CoraCoeMultiversalBookHunter.esm
Scale: 1.05
Position: -52.894997, 15.287458, 37.566063
Rotation: -0.008419807, 0.30380118, 6.280667
