MutagenObjectType: PlacedObject
FormKey: 001736:CoraCoeMultiversalBookHunter.esm
Base: 012382:Starfield.esm
Layer: 001DC3:CoraCoeMultiversalBookHunter.esm
Scale: 1.06
Position: -59.673756, 40.52507, 38.10929
Rotation: -2.643283E-08, 2.9723942E-08, 0
