MutagenObjectType: PlacedObject
FormKey: 001746:CoraCoeMultiversalBookHunter.esm
Base: 012381:Starfield.esm
Layer: 001DC3:CoraCoeMultiversalBookHunter.esm
Scale: 1.66
Position: -35.24733, 31.975454, 36.31671
Rotation: -0.012833682, 0.0072489385, 4.0118575
