MutagenObjectType: PlacedObject
FormKey: 001773:CoraCoeMultiversalBookHunter.esm
Base: 0196F5:Starfield.esm
Layer: 001DC5:CoraCoeMultiversalBookHunter.esm
Position: -50.840885, -35.36553, 20.105616
Rotation: 1.9388598, 0.9220512, 0.4831756
