MutagenObjectType: PlacedObject
FormKey: 0017E2:CoraCoeMultiversalBookHunter.esm
Base: 029AE5:Starfield.esm
Layer: 001DC5:CoraCoeMultiversalBookHunter.esm
Position: -81.11283, 15.45782, 20.762835
Rotation: -1.6674445, 0.5437386, 0.1343701
