MutagenObjectType: PlacedObject
FormKey: 001754:CoraCoeMultiversalBookHunter.esm
Base: 211462:Starfield.esm
Layer: 001DC3:CoraCoeMultiversalBookHunter.esm
Position: -45.20334, 59.22442, 30.192495
Rotation: -0.03006374, -0.039871987, 1.1431984
