MutagenObjectType: PlacedObject
FormKey: 001766:CoraCoeMultiversalBookHunter.esm
Base: 00B42F:Starfield.esm
Layer: 001DC5:CoraCoeMultiversalBookHunter.esm
Scale: 0.90999997
Position: -51.590588, -19.96535, 20.9621
Rotation: -0.0462273, -0.5255877, 4.124051
