MutagenObjectType: PlacedObject
FormKey: 00177C:CoraCoeMultiversalBookHunter.esm
Base: 24F0F6:Starfield.esm
Layer: 001DC5:CoraCoeMultiversalBookHunter.esm
Position: -52.788654, -37.685596, 22.580452
Rotation: -0.30745295, 0.19214877, 5.682204
