MutagenObjectType: PlacedObject
FormKey: 00176F:CoraCoeMultiversalBookHunter.esm
Base: 029AE5:Starfield.esm
Layer: 001DC5:CoraCoeMultiversalBookHunter.esm
Position: -48.12319, -32.946274, 24.664673
Rotation: -0.040594388, 0.17086904, 3.9925425
