MutagenObjectType: PlacedObject
FormKey: 001718:CoraCoeMultiversalBookHunter.esm
Base: 012383:Starfield.esm
Layer: 001DC3:CoraCoeMultiversalBookHunter.esm
Scale: 1.37
Position: -42.034943, -16.311167, 28.796919
Rotation: -0.29318273, -0.17191191, 4.712389
