MutagenObjectType: PlacedObject
FormKey: 001725:CoraCoeMultiversalBookHunter.esm
Base: 012381:Starfield.esm
Layer: 001DC3:CoraCoeMultiversalBookHunter.esm
Scale: 0.88
Position: -70.25668, -0.049371958, 36.442375
Rotation: -0.1528705, -0.114864916, 4.712389
