MutagenObjectType: PlacedObject
FormKey: 001771:CoraCoeMultiversalBookHunter.esm
Base: 0196F5:Starfield.esm
Layer: 001DC5:CoraCoeMultiversalBookHunter.esm
Position: -50.73598, -33.099133, 17.864326
Rotation: 2.1566858, 0.93857396, 0.60027987
