MutagenObjectType: PlacedObject
FormKey: 001751:CoraCoeMultiversalBookHunter.esm
Base: 211462:Starfield.esm
Layer: 001DC3:CoraCoeMultiversalBookHunter.esm
Position: -45.472687, 56.493626, 30.256075
Rotation: 0.09540852, 0.08228869, 4.712389
