MutagenObjectType: PlacedObject
FormKey: 00172A:CoraCoeMultiversalBookHunter.esm
Base: 012381:Starfield.esm
Layer: 001DC3:CoraCoeMultiversalBookHunter.esm
Scale: 1.12
Position: -76.411476, 15.901054, 39.181705
Rotation: 0.20237741, 0.1773851, 4.712389
