MutagenObjectType: PlacedObject
FormKey: 001712:CoraCoeMultiversalBookHunter.esm
Base: 012381:Starfield.esm
Layer: 001DC3:CoraCoeMultiversalBookHunter.esm
Scale: 1.28
Position: -41.46683, -32.904106, 25.551826
Rotation: 0.002791423, 0.0958642, 0.00026718856
