MutagenObjectType: PlacedObject
FormKey: 00171B:CoraCoeMultiversalBookHunter.esm
Base: 012381:Starfield.esm
Layer: 001DC3:CoraCoeMultiversalBookHunter.esm
Scale: 1.05
Position: -46.91655, -13.888679, 29.9324
Rotation: -0.3092252, -0.24722086, 2.735481
