MutagenObjectType: PlacedObject
FormKey: 0017EC:CoraCoeMultiversalBookHunter.esm
Base: 01C3BB:Starfield.esm
Layer: 001DC5:CoraCoeMultiversalBookHunter.esm
Scale: 0.69
Position: -73.1065, 26.22672, 14.924768
Rotation: 0.11175723, -0.100449204, 5.299165
