MutagenObjectType: PlacedObject
FormKey: 0017F8:CoraCoeMultiversalBookHunter.esm
Base: 029AEF:Starfield.esm
Layer: 001DC5:CoraCoeMultiversalBookHunter.esm
Scale: 1.3
Position: -66.88899, 24.563553, 30.057373
Rotation: -0.15102082, 0.8882353, 6.0150385
