MutagenObjectType: PlacedObject
FormKey: 0017C6:CoraCoeMultiversalBookHunter.esm
Base: 00B42F:Starfield.esm
Layer: 001DC5:CoraCoeMultiversalBookHunter.esm
Scale: 0.71999997
Position: -76.2805, -11.434184, 22.44589
Rotation: -1.9472458, 0.120888576, 0.023715394
