MutagenObjectType: PlacedObject
FormKey: 0017EA:CoraCoeMultiversalBookHunter.esm
Base: 00B432:Starfield.esm
Layer: 001DC5:CoraCoeMultiversalBookHunter.esm
Position: -58.757294, 20.725674, 11.0346775
Rotation: -0.07105913, 0.009162408, 1.1885804
