MutagenObjectType: PlacedObject
FormKey: 001719:CoraCoeMultiversalBookHunter.esm
Base: 012383:Starfield.esm
Layer: 001DC3:CoraCoeMultiversalBookHunter.esm
Scale: 1.4
Position: -46.662556, -16.524508, 29.44075
Rotation: -0.14179672, -0.0001977092, 4.712389
