MutagenObjectType: PlacedObject
FormKey: 0017EE:CoraCoeMultiversalBookHunter.esm
Base: 0196F5:Starfield.esm
Layer: 001DC5:CoraCoeMultiversalBookHunter.esm
Position: -70.87042, 25.22295, 21.387188
Rotation: -1.1852937, -0.75841796, 5.910276
