MutagenObjectType: PlacedObject
FormKey: 0017D6:CoraCoeMultiversalBookHunter.esm
Base: 029AF3:Starfield.esm
Layer: 001DC5:CoraCoeMultiversalBookHunter.esm
Scale: 1.15
Position: -74.21302, -0.17069864, 18.84834
Rotation: 0.3784093, 0.055671737, 5.09098
