MutagenObjectType: PlacedObject
FormKey: 00170A:CoraCoeMultiversalBookHunter.esm
Base: 24F0F8:Starfield.esm
Layer: 001DC5:CoraCoeMultiversalBookHunter.esm
Position: -59.85977, -6.471521, 33.0843
Rotation: -0.17534499, -0.3154381, 0.054903332
