MutagenObjectType: PlacedObject
FormKey: 0017EB:CoraCoeMultiversalBookHunter.esm
Base: 029AF1:Starfield.esm
Layer: 001DC5:CoraCoeMultiversalBookHunter.esm
Position: -70.17613, 23.343094, 12.537187
Rotation: 0.08264745, -0.032702267, 1.0766984
