MutagenObjectType: PlacedObject
FormKey: 00176E:CoraCoeMultiversalBookHunter.esm
Base: 01C3BF:Starfield.esm
Layer: 001DC5:CoraCoeMultiversalBookHunter.esm
Position: -46.002758, -28.989746, 22.915007
Rotation: -0.18044958, 0.3966507, 6.1446633
