MutagenObjectType: PlacedObject
FormKey: 001756:CoraCoeMultiversalBookHunter.esm
Base: 012383:Starfield.esm
Layer: 001DC3:CoraCoeMultiversalBookHunter.esm
Scale: 1.61
Position: -35.617805, 68.78155, 28.622837
Rotation: 0.20806308, -0.15220286, 4.712389
