MutagenObjectType: PlacedObject
FormKey: 001787:CoraCoeMultiversalBookHunter.esm
Base: 24F0F8:Starfield.esm
Layer: 001DC5:CoraCoeMultiversalBookHunter.esm
Position: -73.36221, -39.4583, 17.026499
Rotation: 0.19784792, -0.07535864, 0.022602202
