MutagenObjectType: PlacedObject
FormKey: 0017F5:CoraCoeMultiversalBookHunter.esm
Base: 01C3BE:Starfield.esm
Layer: 001DC5:CoraCoeMultiversalBookHunter.esm
Scale: 1.14
Position: -65.43133, 29.013924, 24.896353
Rotation: 0.11814237, 0.27559426, 2.7575324
