MutagenObjectType: PlacedObject
FormKey: 00171F:CoraCoeMultiversalBookHunter.esm
Base: 012381:Starfield.esm
Layer: 001DC3:CoraCoeMultiversalBookHunter.esm
Scale: 1.64
Position: -57.006035, -5.9940267, 32.296684
Rotation: -0.08165745, -0.21034533, 0.017085912
