MutagenObjectType: PlacedObject
FormKey: 0017BE:CoraCoeMultiversalBookHunter.esm
Base: 211462:Starfield.esm
Layer: 001DC3:CoraCoeMultiversalBookHunter.esm
Scale: 0.95
Position: -61.728905, -27.429802, 16.022015
Rotation: -0.113231115, 0.14852338, 6.26636
