MutagenObjectType: PlacedObject
FormKey: 0017C2:CoraCoeMultiversalBookHunter.esm
Base: 012382:Starfield.esm
Layer: 001DC3:CoraCoeMultiversalBookHunter.esm
Scale: 0.89
Position: -58.182865, -28.627884, 16.271852
Rotation: 0.059707034, -0.045249626, 4.712389
