MutagenObjectType: PlacedObject
FormKey: 0017CD:CoraCoeMultiversalBookHunter.esm
Base: 00B42F:Starfield.esm
Layer: 001DC5:CoraCoeMultiversalBookHunter.esm
Scale: 0.75
Position: -86.603485, 5.0315495, 16.885178
Rotation: -0.22806312, 0.1370315, 1.781768
