MutagenObjectType: PlacedObject
FormKey: 001774:CoraCoeMultiversalBookHunter.esm
Base: 029AF3:Starfield.esm
Layer: 001DC5:CoraCoeMultiversalBookHunter.esm
Position: -56.30395, -36.89471, 17.99747
Rotation: 0.11513155, 0.08110583, 5.6358695
