MutagenObjectType: PlacedObject
FormKey: 0017B9:CoraCoeMultiversalBookHunter.esm
Base: 012383:Starfield.esm
Layer: 001DC3:CoraCoeMultiversalBookHunter.esm
Scale: 1.88
Position: -69.44703, -21.05484, 16.131798
Rotation: -0.001261467, 0.11615899, 6.283039
