MutagenObjectType: PlacedObject
FormKey: 00174C:CoraCoeMultiversalBookHunter.esm
Base: 211462:Starfield.esm
Layer: 001DC3:CoraCoeMultiversalBookHunter.esm
Position: -36.475937, 40.722927, 13.721561
Rotation: -0.07003146, 0.029926503, 5.5810866
