MutagenObjectType: PlacedObject
FormKey: 0017BA:CoraCoeMultiversalBookHunter.esm
Base: 012382:Starfield.esm
Layer: 001DC3:CoraCoeMultiversalBookHunter.esm
Scale: 1.39
Position: -54.098038, -27.895119, 16.367292
Rotation: -0.019110197, 0.2491552, 6.2784724
