MutagenObjectType: PlacedObject
FormKey: 00177D:CoraCoeMultiversalBookHunter.esm
Base: 012368:Starfield.esm
Layer: 001DC5:CoraCoeMultiversalBookHunter.esm
Position: -47.137268, -39.78529, 23.442177
Rotation: -0.24346948, 0.3379991, 6.201011
