MutagenObjectType: PlacedObject
FormKey: 00177B:CoraCoeMultiversalBookHunter.esm
Base: 029AE7:Starfield.esm
Layer: 001DC5:CoraCoeMultiversalBookHunter.esm
Scale: 0.90999997
Position: -63.441544, -36.389084, 16.264854
Rotation: 0.0027887009, -0.021688137, 3.6833985
