MutagenObjectType: PlacedObject
FormKey: 001716:CoraCoeMultiversalBookHunter.esm
Base: 012383:Starfield.esm
Layer: 001DC3:CoraCoeMultiversalBookHunter.esm
Scale: 1.1899999
Position: -40.040176, -28.284698, 26.32239
Rotation: -0.35787433, 0.23232129, 4.712389
