MutagenObjectType: PlacedObject
FormKey: 0017F0:CoraCoeMultiversalBookHunter.esm
Base: 01C3BB:Starfield.esm
Layer: 001DC5:CoraCoeMultiversalBookHunter.esm
Position: -66.709175, 26.999737, 31.112698
Rotation: 0.40938324, 0.2793271, 2.697711
