MutagenObjectType: PlacedObject
FormKey: 0017DD:CoraCoeMultiversalBookHunter.esm
Base: 029ADB:Starfield.esm
Layer: 001DC5:CoraCoeMultiversalBookHunter.esm
Scale: 1.79
Position: -84.64941, 9.445978, 23.065819
Rotation: -0.73871315, -1.3683846, 6.231867
