MutagenObjectType: PlacedObject
FormKey: 0017D7:CoraCoeMultiversalBookHunter.esm
Base: 1FA764:Starfield.esm
Layer: 001DC5:CoraCoeMultiversalBookHunter.esm
Scale: 0.65
Position: -78.8145, 5.4550986, 12.474179
Rotation: 0.010072398, -0.11999409, 0.08279409
