MutagenObjectType: PlacedObject
FormKey: 0017B6:CoraCoeMultiversalBookHunter.esm
Base: 24F0F6:Starfield.esm
Layer: 001DC5:CoraCoeMultiversalBookHunter.esm
Scale: 1.37
Position: -53.544987, -22.989544, 16.673227
Rotation: -0.10068905, 0.34377822, 6.2491474
