MutagenObjectType: PlacedObject
FormKey: 0017D8:CoraCoeMultiversalBookHunter.esm
Base: 029AD9:Starfield.esm
Layer: 001DC5:CoraCoeMultiversalBookHunter.esm
Position: -72.91344, 4.5367904, 14.306215
Rotation: -0.1328511, 0.11938898, 5.013189
