MutagenObjectType: PlacedObject
FormKey: 001796:CoraCoeMultiversalBookHunter.esm
Base: 029ADB:Starfield.esm
Layer: 001DC5:CoraCoeMultiversalBookHunter.esm
Position: -100.12571, -49.68515, 17.688139
Rotation: -0.33758375, 0.19965872, 4.6660495
