MutagenObjectType: PlacedObject
FormKey: 001769:CoraCoeMultiversalBookHunter.esm
Base: 01C3BB:Starfield.esm
Layer: 001DC5:CoraCoeMultiversalBookHunter.esm
Scale: 0.90999997
Position: -66.65363, -35.876507, 26.649082
Rotation: 0.0842815, -0.06359254, 4.431991
