MutagenObjectType: PlacedObject
FormKey: 00175C:CoraCoeMultiversalBookHunter.esm
Base: 012381:Starfield.esm
Layer: 001DC3:CoraCoeMultiversalBookHunter.esm
Scale: 0.96
Position: -23.189724, 58.977036, 20.540024
Rotation: -0.31909904, -0.31242412, 0.10119043
