MutagenObjectType: PlacedObject
FormKey: 001711:CoraCoeMultiversalBookHunter.esm
Base: 211462:Starfield.esm
Layer: 001DC3:CoraCoeMultiversalBookHunter.esm
Position: -45.568787, -34.053364, 25.214678
Rotation: -0.0525814, 0.21508327, 6.26259
