MutagenObjectType: PlacedObject
FormKey: 0017AA:CoraCoeMultiversalBookHunter.esm
Base: 013D95:Starfield.esm
Layer: 001DC5:CoraCoeMultiversalBookHunter.esm
Position: -92.91468, -43.15661, 16.328936
Rotation: 0.2017597, 0.044327904, 2.6448455
