MutagenObjectType: PlacedObject
FormKey: 0017FF:CoraCoeMultiversalBookHunter.esm
Base: 1FA763:Starfield.esm
Layer: 001DC5:CoraCoeMultiversalBookHunter.esm
Scale: 0.75
Position: -46.08011, 29.43073, 10.816516
Rotation: 0.114245646, 0.1496329, 3.5999706
