MutagenObjectType: PlacedObject
FormKey: 0017FD:CoraCoeMultiversalBookHunter.esm
Base: 1FA767:Starfield.esm
Layer: 001DC5:CoraCoeMultiversalBookHunter.esm
Position: -19.030924, 49.746857, 14.812622
Rotation: -0.030842487, -0.0169871, 4.432517
