MutagenObjectType: PlacedObject
FormKey: 0017DA:CoraCoeMultiversalBookHunter.esm
Base: 01C3BF:Starfield.esm
Layer: 001DC5:CoraCoeMultiversalBookHunter.esm
Position: -81.26756, 18.185368, 15.839267
Rotation: 0.13381648, -0.1237939, 6.183149
