MutagenObjectType: PlacedObject
FormKey: 001780:CoraCoeMultiversalBookHunter.esm
Base: 012368:Starfield.esm
Layer: 001DC5:CoraCoeMultiversalBookHunter.esm
Scale: 1.1899999
Position: -68.84834, -44.242096, 19.06829
Rotation: 0.2635724, -0.07250757, 4.6060486
