MutagenObjectType: PlacedObject
FormKey: 001750:CoraCoeMultiversalBookHunter.esm
Base: 012382:Starfield.esm
Layer: 001DC3:CoraCoeMultiversalBookHunter.esm
Scale: 1.29
Position: -39.780876, 46.583054, 32.947254
Rotation: 0.07976775, 0.12639135, 0.010075995
