MutagenObjectType: PlacedObject
FormKey: 001760:CoraCoeMultiversalBookHunter.esm
Base: 211462:Starfield.esm
Layer: 001DC3:CoraCoeMultiversalBookHunter.esm
Position: -16.297918, 49.224648, 17.733582
Rotation: -0.05036153, -0.11984931, 6.0592117
