MutagenObjectType: PlacedObject
FormKey: 0017AD:CoraCoeMultiversalBookHunter.esm
Base: 012381:Starfield.esm
Layer: 001DC3:CoraCoeMultiversalBookHunter.esm
Scale: 1.24
Position: -104.597115, -49.56539, 16.516088
Rotation: 0.14716983, 0.014828594, 2.792993
