MutagenObjectType: PlacedObject
FormKey: 001789:CoraCoeMultiversalBookHunter.esm
Base: 24F0F6:Starfield.esm
Layer: 001DC5:CoraCoeMultiversalBookHunter.esm
Scale: 1.37
Position: -74.352325, -30.143614, 15.434272
Rotation: 0.12221724, -0.011061916, 4.9040823
