MutagenObjectType: PlacedObject
FormKey: 001794:CoraCoeMultiversalBookHunter.esm
Base: 029AEB:Starfield.esm
Layer: 001DC5:CoraCoeMultiversalBookHunter.esm
Scale: 1.09
Position: -69.573166, -42.032352, 17.756418
Rotation: 0.13326167, 0.13197206, 5.003791
