MutagenObjectType: PlacedObject
FormKey: 0017E5:CoraCoeMultiversalBookHunter.esm
Base: 029AEF:Starfield.esm
Layer: 001DC5:CoraCoeMultiversalBookHunter.esm
Position: -79.429825, 7.8192363, 14.311942
Rotation: 0.18203795, -0.24744892, 0
