MutagenObjectType: PlacedObject
FormKey: 0017A7:CoraCoeMultiversalBookHunter.esm
Base: 012368:Starfield.esm
Layer: 001DC5:CoraCoeMultiversalBookHunter.esm
Position: -102.471954, -43.80049, 16.136106
Rotation: -0.09240999, -0.08488785, 4.712389
