MutagenObjectType: PlacedObject
FormKey: 001799:CoraCoeMultiversalBookHunter.esm
Base: 029AD9:Starfield.esm
Layer: 001DC5:CoraCoeMultiversalBookHunter.esm
Scale: 1.26
Position: -106.37029, -42.953957, 17.620861
Rotation: -0.3678392, -0.1930032, 5.4068317
