MutagenObjectType: PlacedObject
FormKey: 00170F:CoraCoeMultiversalBookHunter.esm
Base: 012382:Starfield.esm
Layer: 001DC3:CoraCoeMultiversalBookHunter.esm
Scale: 1.0699999
Position: -55.902264, -39.15108, 21.01654
Rotation: -0.42820752, 0.17887558, 4.712389
