MutagenObjectType: PlacedObject
FormKey: 0017AC:CoraCoeMultiversalBookHunter.esm
Base: 012381:Starfield.esm
Layer: 001DC3:CoraCoeMultiversalBookHunter.esm
Scale: 1.4399999
Position: -101.65346, -44.396114, 16.10431
Rotation: 0.015385542, 0.029778382, 0.0004581246
