MutagenObjectType: PlacedObject
FormKey: 001703:CoraCoeMultiversalBookHunter.esm
Base: 06F39D:Starfield.esm
Layer: 001DC5:CoraCoeMultiversalBookHunter.esm
Position: -49.7427, -16.075962, 30.31952
Rotation: -0.31753534, -0.2966862, 3.5324755
