MutagenObjectType: PlacedObject
FormKey: 00179C:CoraCoeMultiversalBookHunter.esm
Base: 00B42E:Starfield.esm
Layer: 001DC5:CoraCoeMultiversalBookHunter.esm
Position: -111.4958, -40.163162, 21.566172
Rotation: -3.1407046, -0.58280575, 0.5590431
