MutagenObjectType: PlacedObject
FormKey: 001700:CoraCoeMultiversalBookHunter.esm
Base: 029AEB:Starfield.esm
Layer: 001DC5:CoraCoeMultiversalBookHunter.esm
Position: -42.709435, -25.806246, 28.440159
Rotation: 0.06407945, -0.10598029, 5.2365546
