MutagenObjectType: PlacedObject
FormKey: 001762:CoraCoeMultiversalBookHunter.esm
Base: 012381:Starfield.esm
Layer: 001DC3:CoraCoeMultiversalBookHunter.esm
Scale: 0.84
Position: -13.339208, 48.66524, 17.360556
Rotation: -0.00022735166, -0.017580146, 3.99667E-06
