MutagenObjectType: PlacedObject
FormKey: 0017D5:CoraCoeMultiversalBookHunter.esm
Base: 00B42F:Starfield.esm
Layer: 001DC5:CoraCoeMultiversalBookHunter.esm
Position: -79.138596, 3.9507563, 24.753195
Rotation: 0.19565539, 0.30749035, 2.3563597
