MutagenObjectType: PlacedObject
FormKey: 001722:CoraCoeMultiversalBookHunter.esm
Base: 012381:Starfield.esm
Layer: 001DC3:CoraCoeMultiversalBookHunter.esm
Scale: 1.36
Position: -65.121216, -0.3257103, 35.433952
Rotation: -0.17378223, -0.3708384, 0.034072496
