MutagenObjectType: PlacedObject
FormKey: 0017FC:CoraCoeMultiversalBookHunter.esm
Base: 1FA768:Starfield.esm
Layer: 001DC5:CoraCoeMultiversalBookHunter.esm
Scale: 0.78
Position: -35.47574, 47.002968, 44.058056
Rotation: 3.105948, 0.03714248, 2.5152752
