MutagenObjectType: PlacedObject
FormKey: 0017C5:CoraCoeMultiversalBookHunter.esm
Base: 01C3BE:Starfield.esm
Layer: 001DC5:CoraCoeMultiversalBookHunter.esm
Scale: 0.71999997
Position: -89.5583, -6.8561234, 20.87496
Rotation: -0.29479623, -0.8938123, 5.3440084
