MutagenObjectType: PlacedObject
FormKey: 0017CC:CoraCoeMultiversalBookHunter.esm
Base: 029AD7:Starfield.esm
Layer: 001DC5:CoraCoeMultiversalBookHunter.esm
Position: -87.164894, -18.895931, 16.445225
Rotation: -0.28019664, 0.03011191, 1.9769886
