MutagenObjectType: PlacedObject
FormKey: 001779:CoraCoeMultiversalBookHunter.esm
Base: 0196F5:Starfield.esm
Layer: 001DC5:CoraCoeMultiversalBookHunter.esm
Scale: 1.4399999
Position: -64.739845, -23.918594, 27.282974
Rotation: 0.1860834, -0.55977714, 2.2089493
