MutagenObjectType: PlacedObject
FormKey: 0017A3:CoraCoeMultiversalBookHunter.esm
Base: 012366:Starfield.esm
Layer: 001DC5:CoraCoeMultiversalBookHunter.esm
Position: -89.09591, -40.93614, 16.34199
Rotation: -0.06853559, 0.08837938, 4.7125196
