MutagenObjectType: PlacedObject
FormKey: 001742:CoraCoeMultiversalBookHunter.esm
Base: 012383:Starfield.esm
Layer: 001DC3:CoraCoeMultiversalBookHunter.esm
Position: -44.80538, 19.820795, 36.645996
Rotation: 0.06313562, 0.33313194, 0.020669943
