MutagenObjectType: PlacedObject
FormKey: 0017A5:CoraCoeMultiversalBookHunter.esm
Base: 24F0F6:Starfield.esm
Layer: 001DC5:CoraCoeMultiversalBookHunter.esm
Scale: 1.23
Position: -96.55843, -36.17041, 17.481998
Rotation: -0.07645269, -0.56165355, 5.197038
