MutagenObjectType: PlacedObject
FormKey: 00177A:CoraCoeMultiversalBookHunter.esm
Base: 029AF3:Starfield.esm
Layer: 001DC5:CoraCoeMultiversalBookHunter.esm
Position: -54.617058, -36.987595, 31.48956
Rotation: 1.8450961, -0.38575906, 0.2900569
