MutagenObjectType: PlacedObject
FormKey: 0017ED:CoraCoeMultiversalBookHunter.esm
Base: 029ADB:Starfield.esm
Layer: 001DC5:CoraCoeMultiversalBookHunter.esm
Position: -75.04796, 18.30348, 14.963919
Rotation: -0.08598206, -0.094103426, 0.53569055
