MutagenObjectType: PlacedObject
FormKey: 001792:CoraCoeMultiversalBookHunter.esm
Base: 029AEF:Starfield.esm
Layer: 001DC5:CoraCoeMultiversalBookHunter.esm
Position: -51.875324, -17.886581, 30.01183
Rotation: -0.6053186, 0.33270913, 0.62389594
