MutagenObjectType: PlacedObject
FormKey: 00176A:CoraCoeMultiversalBookHunter.esm
Base: 01C3BE:Starfield.esm
Layer: 001DC5:CoraCoeMultiversalBookHunter.esm
Scale: 0.90999997
Position: -57.064224, -36.726486, 28.099169
Rotation: 0.04326399, 0.16275963, 0.36033437
