MutagenObjectType: PlacedObject
FormKey: 001729:CoraCoeMultiversalBookHunter.esm
Base: 211462:Starfield.esm
Layer: 001DC3:CoraCoeMultiversalBookHunter.esm
Scale: 1.25
Position: -78.96093, 16.218357, 38.824055
Rotation: -0.022791274, 0.0076979063, 5.412999
