MutagenObjectType: PlacedObject
FormKey: 00175B:CoraCoeMultiversalBookHunter.esm
Base: 211462:Starfield.esm
Layer: 001DC3:CoraCoeMultiversalBookHunter.esm
Position: -20.549274, 59.132572, 19.918324
Rotation: -0.22209889, -0.18034384, 4.712389
