MutagenObjectType: PlacedObject
FormKey: 00173E:CoraCoeMultiversalBookHunter.esm
Base: 211462:Starfield.esm
Layer: 001DC3:CoraCoeMultiversalBookHunter.esm
Scale: 1.22
Position: -49.11805, 20.192596, 36.34059
Rotation: 0.028660191, -0.03365159, 1.0071406
