MutagenObjectType: PlacedObject
FormKey: 0017E3:CoraCoeMultiversalBookHunter.esm
Base: 029AEF:Starfield.esm
Layer: 001DC5:CoraCoeMultiversalBookHunter.esm
Position: -80.43406, 13.40803, 15.582235
Rotation: -0.11670261, -0.105331816, 4.712389
