MutagenObjectType: PlacedObject
FormKey: 001731:CoraCoeMultiversalBookHunter.esm
Base: 012382:Starfield.esm
Layer: 001DC3:CoraCoeMultiversalBookHunter.esm
Scale: 1.61
Position: -64.89402, 37.695114, 38.146027
Rotation: -2.643283E-08, 2.9723942E-08, 0
