MutagenObjectType: PlacedObject
FormKey: 00174F:CoraCoeMultiversalBookHunter.esm
Base: 012383:Starfield.esm
Layer: 001DC3:CoraCoeMultiversalBookHunter.esm
Scale: 1.16
Position: -35.330444, 42.261772, 13.820172
Rotation: 0.012599899, 0.12842351, 1.7533416
