MutagenObjectType: PlacedObject
FormKey: 0017C1:CoraCoeMultiversalBookHunter.esm
Base: 211462:Starfield.esm
Layer: 001DC3:CoraCoeMultiversalBookHunter.esm
Position: -57.577564, -26.134762, 16.110119
Rotation: -0.048642997, -0.057539772, 0.002799545
