MutagenObjectType: PlacedObject
FormKey: 00179A:CoraCoeMultiversalBookHunter.esm
Base: 029ADD:Starfield.esm
Layer: 001DC5:CoraCoeMultiversalBookHunter.esm
Position: -105.715324, -43.246506, 15.673983
Rotation: -0.53057224, 0.3500274, 4.717743
