MutagenObjectType: PlacedObject
FormKey: 0017F2:CoraCoeMultiversalBookHunter.esm
Base: 029AE3:Starfield.esm
Layer: 001DC5:CoraCoeMultiversalBookHunter.esm
Position: -38.571976, 34.659946, 36.202114
Rotation: -0.19958454, -0.035183188, 2.6627078
