MutagenObjectType: PlacedObject
FormKey: 001775:CoraCoeMultiversalBookHunter.esm
Base: 029AD9:Starfield.esm
Layer: 001DC5:CoraCoeMultiversalBookHunter.esm
Scale: 1.3199999
Position: -53.24056, -36.34094, 21.437141
Rotation: -0.44911748, 0.22330178, 5.698261
