MutagenObjectType: PlacedObject
FormKey: 0017FE:CoraCoeMultiversalBookHunter.esm
Base: 1FA766:Starfield.esm
Layer: 001DC5:CoraCoeMultiversalBookHunter.esm
Scale: 0.74
Position: -21.803247, 51.61846, 48.635567
Rotation: 3.0664034, 0.056431446, 5.256423
