MutagenObjectType: PlacedObject
FormKey: 00172F:CoraCoeMultiversalBookHunter.esm
Base: 012383:Starfield.esm
Layer: 001DC3:CoraCoeMultiversalBookHunter.esm
Scale: 0.89
Position: -67.74333, 33.08405, 38.601376
Rotation: -0.022665385, 0.021443292, 4.712389
