MutagenObjectType: PlacedObject
FormKey: 00172E:CoraCoeMultiversalBookHunter.esm
Base: 012383:Starfield.esm
Layer: 001DC3:CoraCoeMultiversalBookHunter.esm
Scale: 1.75
Position: -71.404594, 30.427576, 38.531696
Rotation: -0.16231927, -0.29506344, 1.749207
