MutagenObjectType: PlacedObject
FormKey: 0017BC:CoraCoeMultiversalBookHunter.esm
Base: 211462:Starfield.esm
Layer: 001DC3:CoraCoeMultiversalBookHunter.esm
Scale: 0.84
Position: -59.62818, -20.909832, 15.925967
Rotation: 0.046835255, -0.0487858, 6.2809
