MutagenObjectType: PlacedObject
FormKey: 001759:CoraCoeMultiversalBookHunter.esm
Base: 012381:Starfield.esm
Layer: 001DC3:CoraCoeMultiversalBookHunter.esm
Scale: 1.4499999
Position: -27.639671, 68.8567, 26.167635
Rotation: -0.35202748, -0.33009097, 5.3941607
