MutagenObjectType: PlacedObject
FormKey: 00170D:CoraCoeMultiversalBookHunter.esm
Base: 211462:Starfield.esm
Layer: 001DC3:CoraCoeMultiversalBookHunter.esm
Scale: 1.0699999
Position: -59.260674, -41.879036, 19.042908
Rotation: -0.16653365, 0.39164183, 0.62653553
