MutagenObjectType: PlacedObject
FormKey: 0017B2:CoraCoeMultiversalBookHunter.esm
Base: 012382:Starfield.esm
Layer: 001DC3:CoraCoeMultiversalBookHunter.esm
Scale: 1.1899999
Position: -72.89322, -38.38709, 16.880209
Rotation: 0.07863734, -0.064515434, 4.712389
