MutagenObjectType: PlacedObject
FormKey: 001715:CoraCoeMultiversalBookHunter.esm
Base: 012381:Starfield.esm
Layer: 001DC3:CoraCoeMultiversalBookHunter.esm
Scale: 1.4699999
Position: -40.399006, -28.449766, 26.21903
Rotation: -0.4671847, -0.20567638, 4.712389
