MutagenObjectType: PlacedObject
FormKey: 0017C0:CoraCoeMultiversalBookHunter.esm
Base: 24F0F6:Starfield.esm
Layer: 001DC5:CoraCoeMultiversalBookHunter.esm
Scale: 1.37
Position: -58.32195, -26.994675, 15.79025
Rotation: 0.15505302, 0.00057205476, 6.1078243
