MutagenObjectType: PlacedObject
FormKey: 00175E:CoraCoeMultiversalBookHunter.esm
Base: 012383:Starfield.esm
Layer: 001DC3:CoraCoeMultiversalBookHunter.esm
Scale: 1.29
Position: -14.554075, 55.183723, 18.08537
Rotation: -0.035433214, -0.07624434, 0.89442694
