MutagenObjectType: PlacedObject
FormKey: 0017AB:CoraCoeMultiversalBookHunter.esm
Base: 012381:Starfield.esm
Layer: 001DC3:CoraCoeMultiversalBookHunter.esm
Scale: 0.74
Position: -96.47438, -40.712353, 15.924223
Rotation: 0.0035633277, -0.11718407, 6.2827687
