MutagenObjectType: PlacedObject
FormKey: 001740:CoraCoeMultiversalBookHunter.esm
Base: 012383:Starfield.esm
Layer: 001DC3:CoraCoeMultiversalBookHunter.esm
Position: -46.01601, 20.477633, 36.298256
Rotation: 0.060768597, -0.07600533, 6.2785654
