MutagenObjectType: PlacedObject
FormKey: 001764:CoraCoeMultiversalBookHunter.esm
Base: 012383:Starfield.esm
Layer: 001DC3:CoraCoeMultiversalBookHunter.esm
Position: -14.548077, 42.023476, 16.43449
Rotation: -0.409885, 0.12353082, 4.712389
