MutagenObjectType: PlacedObject
FormKey: 001767:CoraCoeMultiversalBookHunter.esm
Base: 00B430:Starfield.esm
Layer: 001DC5:CoraCoeMultiversalBookHunter.esm
Scale: 0.90999997
Position: -58.531136, -15.158118, 24.362404
Rotation: -0.02508721, -0.22314188, 3.4156632
