MutagenObjectType: PlacedObject
FormKey: 001710:CoraCoeMultiversalBookHunter.esm
Base: 012381:Starfield.esm
Layer: 001DC3:CoraCoeMultiversalBookHunter.esm
Scale: 1.6899999
Position: -46.378212, -38.71811, 24.041922
Rotation: -0.2780484, 0.3914638, 6.174717
