MutagenObjectType: PlacedObject
FormKey: 001741:CoraCoeMultiversalBookHunter.esm
Base: 211462:Starfield.esm
Layer: 001DC3:CoraCoeMultiversalBookHunter.esm
Scale: 0.98999995
Position: -45.3619, 20.535158, 36.401394
Rotation: 0.09717778, 0.31543303, 0.030232625
