MutagenObjectType: PlacedObject
FormKey: 00171C:CoraCoeMultiversalBookHunter.esm
Base: 211462:Starfield.esm
Layer: 001DC3:CoraCoeMultiversalBookHunter.esm
Position: -49.009632, -9.017132, 30.913609
Rotation: -0.14594406, -0.16004997, 5.4682846
