MutagenObjectType: PlacedObject
FormKey: 00179B:CoraCoeMultiversalBookHunter.esm
Base: 01C3BF:Starfield.esm
Layer: 001DC5:CoraCoeMultiversalBookHunter.esm
Position: -103.313644, -39.61397, 13.953777
Rotation: -0.19054697, -0.14380468, 0.28000745
