MutagenObjectType: PlacedObject
FormKey: 00174D:CoraCoeMultiversalBookHunter.esm
Base: 012383:Starfield.esm
Layer: 001DC3:CoraCoeMultiversalBookHunter.esm
Scale: 0.76
Position: -37.410778, 41.994396, 13.651219
Rotation: 0.059006456, -0.018105863, 1.4924436
