MutagenObjectType: PlacedObject
FormKey: 001747:CoraCoeMultiversalBookHunter.esm
Base: 06F39E:Starfield.esm
Layer: 001DC5:CoraCoeMultiversalBookHunter.esm
Position: -38.05674, 32.03974, 36.26961
Rotation: 0.22024009, -0.031365704, 5.7312226
