MutagenObjectType: PlacedObject
FormKey: 00172D:CoraCoeMultiversalBookHunter.esm
Base: 012383:Starfield.esm
Layer: 001DC3:CoraCoeMultiversalBookHunter.esm
Scale: 1.06
Position: -72.83648, 12.413971, 39.800415
Rotation: 0.06504398, -0.10967574, 5.3216887
