MutagenObjectType: PlacedObject
FormKey: 001744:CoraCoeMultiversalBookHunter.esm
Base: 06F39D:Starfield.esm
Layer: 001DC5:CoraCoeMultiversalBookHunter.esm
Position: -40.484287, 22.466978, 36.641792
Rotation: 0.060240075, -0.031365708, 5.7312226
