MutagenObjectType: PlacedObject
FormKey: 00173F:CoraCoeMultiversalBookHunter.esm
Base: 012383:Starfield.esm
Layer: 001DC3:CoraCoeMultiversalBookHunter.esm
Scale: 1.12
Position: -49.361343, 22.137537, 36.20561
Rotation: 0.100386195, 0.105281815, 5.087643
