MutagenObjectType: PlacedObject
FormKey: 001758:CoraCoeMultiversalBookHunter.esm
Base: 211462:Starfield.esm
Layer: 001DC3:CoraCoeMultiversalBookHunter.esm
Position: -30.298843, 69.04921, 27.190928
Rotation: -0.087245196, -0.28486818, 5.6980624
