MutagenObjectType: PlacedObject
FormKey: 0017B8:CoraCoeMultiversalBookHunter.esm
Base: 012382:Starfield.esm
Layer: 001DC3:CoraCoeMultiversalBookHunter.esm
Scale: 1.7099999
Position: -65.306366, -20.041676, 15.995276
Rotation: 0.118714795, 0.2429177, 0.028681163
