MutagenObjectType: PlacedObject
FormKey: 0017EF:CoraCoeMultiversalBookHunter.esm
Base: 01C3BF:Starfield.esm
Layer: 001DC5:CoraCoeMultiversalBookHunter.esm
Position: -73.28406, 24.340828, 29.446423
Rotation: -1.8055544, -0.6082889, 0.33229932
