MutagenObjectType: PlacedObject
FormKey: 001702:CoraCoeMultiversalBookHunter.esm
Base: 013D95:Starfield.esm
Layer: 001DC5:CoraCoeMultiversalBookHunter.esm
Position: -41.227688, -27.6403, 26.66732
Rotation: -0.42432836, -0.078036524, 4.988561
