MutagenObjectType: PlacedObject
FormKey: 0018E7:CoraCoeMultiversalBookHunter.esm
Base: 224973:Starfield.esm
Layer: 001DC5:CoraCoeMultiversalBookHunter.esm
Position: -58.147884, -43.51137, 19.03164
Rotation: 0.00834021, 0.14987811, 0.8202501
