MutagenObjectType: PlacedObject
FormKey: 00182A:CoraCoeMultiversalBookHunter.esm
Base: 029AE5:Starfield.esm
Layer: 001DC5:CoraCoeMultiversalBookHunter.esm
Scale: 1.23
Position: -33.668503, 56.12578, 17.404076
Rotation: -0.045665722, -0.025328865, 3.9834702
