MutagenObjectType: PlacedObject
FormKey: 00189C:CoraCoeMultiversalBookHunter.esm
MajorRecordFlagsRaw: 256
StarfieldMajorRecordFlags:
- 0x100
Base: 0E8281:Starfield.esm
Radius: 3.4249601
Lighting:
  Fov90PlusMinus: -15.089874
  Fade1PlusMinus: 0.025056643
  Unknown1: 2880154539
  Unknown2: 2880154368
LightArea:
  Data: 0x00000000000000000000000000000000
Layer: 1E9BFB:Starfield.esm
LightRoundedness:
  Data: 0x0000000000000000000000000000000001ABABAB
Position: 6.2281513, -12.3349, 43.684177
Rotation: 3.1415927, -1.5415921, 3.1415927
