MutagenObjectType: PlacedObject
FormKey: 00182F:CoraCoeMultiversalBookHunter.esm
Base: 029ADD:Starfield.esm
Layer: 001DC5:CoraCoeMultiversalBookHunter.esm
Scale: 0.89
Position: -29.414734, 28.776365, 27.501581
Rotation: 0.94035465, 0.10443514, 5.7246766
