MutagenObjectType: PlacedObject
FormKey: 00185A:CoraCoeMultiversalBookHunter.esm
MajorRecordFlagsRaw: 256
StarfieldMajorRecordFlags:
- 0x100
Components:
- MutagenObjectType: ContactShadowComponent
  Items:
  - Unknown1: 0.009
    Unknown2: 3
    Unknown3: 10
    Unknown4: 0.2
    Unknown5: 0.06
Base: 0F4CDF:Starfield.esm
Radius: 8.080103
Lighting:
  Fov90PlusMinus: -30
  Fade1PlusMinus: 0.94011384
  EndDistanceCap: 8
  ShadowDepthBias: 0.15
  Unknown1: 2880154539
  Unknown2: 2880154368
LightBarndoorData:
  Data: 0x00000000000000000000000000000000000000000000ABAB
LightArea:
  Data: 0x0000C0BF0000C0BF0000000000000000
LightStaticShadowMap: True
LightVolumetricData: -2
Layer: 2FF936:Starfield.esm
Position: -69.586006, -41.90713, 20.627588
Rotation: 2.0707958, 1.4123895, 0.72920305
