MutagenObjectType: PlacedObject
FormKey: 001819:CoraCoeMultiversalBookHunter.esm
Base: 029AE9:Starfield.esm
Layer: 001DC5:CoraCoeMultiversalBookHunter.esm
Position: -14.283676, 42.276928, 27.922703
Rotation: 7.5769036E-05, 0.15562177, 1.1743776E-05
