MutagenObjectType: PlacedObject
FormKey: 001898:CoraCoeMultiversalBookHunter.esm
Base: 211462:Starfield.esm
Layer: 001DC3:CoraCoeMultiversalBookHunter.esm
Position: -23.200533, 59.49203, 20.720293
Rotation: -0.31909877, -0.31242412, 2.227191
