MutagenObjectType: PlacedObject
FormKey: 001818:CoraCoeMultiversalBookHunter.esm
Base: 029AE5:Starfield.esm
Layer: 001DC5:CoraCoeMultiversalBookHunter.esm
Position: -14.406246, 39.04983, 27.593107
Rotation: 0.1644674, 1.2485313, 0.3459391
