MutagenObjectType: PlacedObject
FormKey: 0018AA:CoraCoeMultiversalBookHunter.esm
Base: 0132D2:Starfield.esm
Layer: 001DC5:CoraCoeMultiversalBookHunter.esm
Position: -53.54798, -28.901594, 16.688133
Rotation: -0.3421469, 0.2971289, 4.712389
