MutagenObjectType: PlacedObject
FormKey: 001842:CoraCoeMultiversalBookHunter.esm
MajorRecordFlagsRaw: 256
StarfieldMajorRecordFlags:
- 0x100
Components:
- MutagenObjectType: ContactShadowComponent
  Items:
  - Unknown1: 0.009
    Unknown2: 3
    Unknown3: 10
    Unknown4: 0.2
    Unknown5: 0.06
Base: 33253E:Starfield.esm
Radius: -4.690769
Lighting:
  Fade1PlusMinus: 1.1959809
  ShadowDepthBias: 0.06750004
  Unknown1: 2880154539
  Unknown2: 2880154368
Layer: 121265:Starfield.esm
Position: -45.427486, 29.554277, 41.36097
Rotation: -1.5116156, -0.82987267, 2.83738
