MutagenObjectType: PlacedObject
FormKey: 001899:CoraCoeMultiversalBookHunter.esm
Base: 211462:Starfield.esm
Layer: 001DC3:CoraCoeMultiversalBookHunter.esm
Position: -23.249098, 61.325573, 21.336138
Rotation: -0.31909814, -0.3124235, 4.3790054
