MutagenObjectType: PlacedObject
FormKey: 00188A:CoraCoeMultiversalBookHunter.esm
Base: 1F563A:Starfield.esm
ConstrainedDecal: 5.379999, 5.78, 0.5
Layer: 1D1DD0:Starfield.esm
Position: -83.84526, -5.7426653, 16.415571
Rotation: -2.900183, -0.083494104, 5.7676854
