MutagenObjectType: PlacedObject
FormKey: 001802:CoraCoeMultiversalBookHunter.esm
Base: 029AE3:Starfield.esm
SourcePackIn: 19FAFE:Starfield.esm
Layer: 001DC5:CoraCoeMultiversalBookHunter.esm
Scale: 0.96999997
Position: -39.56079, 46.22054, 13.660632
Rotation: 0.44781664, -0.101268664, 3.2730844
