MutagenObjectType: PlacedObject
FormKey: 0018A6:CoraCoeMultiversalBookHunter.esm
MajorRecordFlagsRaw: 256
StarfieldMajorRecordFlags:
- 0x100
Base: 0E8281:Starfield.esm
Radius: 13.931641
Lighting:
  Fov90PlusMinus: -15.089874
  Fade1PlusMinus: 0.061264712
  Unknown1: 2880154539
  Unknown2: 2880154368
LightArea:
  Data: 0x00000000000000000000000000000000
Layer: 1E9BFB:Starfield.esm
LightRoundedness:
  Data: 0x0000000000000000000000000000000001ABABAB
Position: -10.4739685, -19.68426, 51.19258
Rotation: 3.1415927, -1.2415924, 3.1415927
