MutagenObjectType: PlacedObject
FormKey: 0018A7:CoraCoeMultiversalBookHunter.esm
Base: 314A5B:Starfield.esm
ProjectedDecal:
  WidthScale: 1
  HeightScale: 1
  UnknownFloat: 0.82500017
  UnknownInt: 2880154369
ConstrainedDecal: 1.2500001, 0.8895, 0.664505
Layer: 1D1DD0:Starfield.esm
Position: -34.79049, 28.51048, 18.695475
Rotation: 3.1415927, -0, 1.4629999
