MutagenObjectType: PlacedObject
FormKey: 001885:CoraCoeMultiversalBookHunter.esm
Base: 16161A:Starfield.esm
Layer: 1D1DD0:Starfield.esm
Position: -86.61047, -4.4137325, 15.789801
Rotation: 1.5609423, -0.5847996, 6.2764363
