MutagenObjectType: PlacedObject
FormKey: 001814:CoraCoeMultiversalBookHunter.esm
Base: 00B42F:Starfield.esm
Layer: 001DC5:CoraCoeMultiversalBookHunter.esm
Position: -9.1651535, 45.961857, 25.49363
Rotation: -3.0254157, -0.13299602, 1.3297298
