MutagenObjectType: PlacedObject
FormKey: 001829:CoraCoeMultiversalBookHunter.esm
Base: 029AD7:Starfield.esm
Layer: 001DC5:CoraCoeMultiversalBookHunter.esm
Position: -19.587435, 44.79488, 15.491864
Rotation: -0.5478752, 0.05909524, 0.29458448
