MutagenObjectType: PlacedObject
FormKey: 001827:CoraCoeMultiversalBookHunter.esm
Base: 029AE9:Starfield.esm
Layer: 001DC5:CoraCoeMultiversalBookHunter.esm
Scale: 1.15
Position: -23.86579, 45.016697, 13.7002125
Rotation: 0.024639815, -0.1709943, 4.2279835
