MutagenObjectType: PlacedObject
FormKey: 001835:CoraCoeMultiversalBookHunter.esm
Base: 029AE5:Starfield.esm
Layer: 001DC5:CoraCoeMultiversalBookHunter.esm
Position: -36.575146, 35.95223, 17.945309
Rotation: -0.016771017, 0.15258452, 1.0368491
