MutagenObjectType: PlacedObject
FormKey: 001815:CoraCoeMultiversalBookHunter.esm
Base: 01C3BB:Starfield.esm
Layer: 001DC5:CoraCoeMultiversalBookHunter.esm
Position: -10.765068, 42.361496, 43.71527
Rotation: -2.8526087, -0.14585297, 0.63756835
