MutagenObjectType: PlacedObject
FormKey: 00187F:CoraCoeMultiversalBookHunter.esm
Base: 10FA16:Starfield.esm
Layer: 1D1DD0:Starfield.esm
Position: -81.23319, -39.177277, 16.621225
Rotation: 0.13198763, 0.014842917, 4.712389
