MutagenObjectType: PlacedObject
FormKey: 001837:CoraCoeMultiversalBookHunter.esm
Base: 029AE9:Starfield.esm
Layer: 001DC5:CoraCoeMultiversalBookHunter.esm
Position: -31.682789, 39.835827, 18.013971
Rotation: -0.00076548534, 0.07797283, 0
