MutagenObjectType: PlacedObject
FormKey: 00189F:CoraCoeMultiversalBookHunter.esm
MajorRecordFlagsRaw: 256
StarfieldMajorRecordFlags:
- 0x100
Components:
- MutagenObjectType: ContactShadowComponent
  Items:
  - Unknown1: 0.009
    Unknown2: 3
    Unknown3: 10
    Unknown4: 0.2
    Unknown5: 0.06
Base: 10ED7D:Starfield.esm
Radius: 49.16227
Lighting:
  Fov90PlusMinus: -20.406357
  Fade1PlusMinus: 0.83429205
  Unknown1: 2880154539
  Unknown2: 2880154368
LightArea:
  Data: 0x00000000000000000000000000000000
LightStaticShadowMap: True
LightVolumetricData: -2
Layer: 1E9BFB:Starfield.esm
LightRoundedness:
  Data: 0x0000000000000000000000000000000001ABABAB
Position: 2.7602758, -15.306541, 40.119415
Rotation: 1.3213668, -0.3058099, 1.3753021
