MutagenObjectType: PlacedObject
FormKey: 001817:CoraCoeMultiversalBookHunter.esm
Base: 029AE3:Starfield.esm
Layer: 001DC5:CoraCoeMultiversalBookHunter.esm
Scale: 1.37
Position: -10.720614, 49.707302, 28.171118
Rotation: 0.20402601, 0.024864431, 5.344318
