MutagenObjectType: PlacedObject
FormKey: 0018ED:CoraCoeMultiversalBookHunter.esm
MajorRecordFlagsRaw: 256
StarfieldMajorRecordFlags:
- 0x100
Components:
- MutagenObjectType: ContactShadowComponent
  Items:
  - Unknown1: 0.009
    Unknown2: 3
    Unknown3: 10
    Unknown4: 0.2
    Unknown5: 0.06
Base: 3033B4:Starfield.esm
Radius: 22.554388
Lighting:
  Fov90PlusMinus: -20.05664
  Fade1PlusMinus: 1.6
  EndDistanceCap: 8
  ShadowDepthBias: 1.0675
  Unknown1: 2880154539
  Unknown2: 2880154368
LightBarndoorData:
  Data: 0x00000000000000000000000000000000000000000000ABAB
LightArea:
  Data: 0x000080BF3333F3BF0000000000000000
LightStaticShadowMap: False
LightVolumetricData: 1
Layer: 0011A1:Starfield.esm
TimeOfDay: 00AC1A:Starfield.esm
Position: -117.58998, -55.328926, 19.768137
Rotation: 0, 0, 5.759587
