MutagenObjectType: PlacedObject
FormKey: 001887:CoraCoeMultiversalBookHunter.esm
Base: 06F39D:Starfield.esm
Layer: 001DC5:CoraCoeMultiversalBookHunter.esm
Position: -82.619514, -6.927008, 16.093378
Rotation: 0.18999057, -0.0018885718, 5.453006
