MutagenObjectType: PlacedObject
FormKey: 0018AC:CoraCoeMultiversalBookHunter.esm
Base: 0D2B84:Starfield.esm
Primitive:
  Bounds: 111.29633, 52.988, 52.442863
  Color: '#0000FFFF'
  Unknown: 0.3
  Type: Box
Layer: 0758E3:Starfield.esm
Position: 2.3436928, -21.508831, 45.8485
Rotation: -0.038555656, -0.095717385, 3.9414551
