MutagenObjectType: PlacedObject
FormKey: 0018F6:CoraCoeMultiversalBookHunter.esm
Base: 29AAF1:Starfield.esm
Primitive:
  Bounds: 39.651184, 13.402611, 7.172119
  Color: '#00004080'
  Unknown: 0.3
  Type: Box
Layer: 2B3CB9:Starfield.esm
Position: -76.66398, 18.278948, 39.356483
Rotation: 2.9042644E-09, 3.967322E-08, 1.1357965
