MutagenObjectType: PlacedObject
FormKey: 001881:CoraCoeMultiversalBookHunter.esm
Base: 10FA22:Starfield.esm
Layer: 1D1DD0:Starfield.esm
Scale: 0.65999997
Position: -81.61748, -39.490013, 16.626045
Rotation: 0.12147538, -0.0846594, 5.0054674
