MutagenObjectType: PlacedObject
FormKey: 001893:CoraCoeMultiversalBookHunter.esm
Base: 24F0F6:Starfield.esm
Layer: 001DC5:CoraCoeMultiversalBookHunter.esm
Position: -12.149488, 46.67452, 17.88489
Rotation: -0.020896237, 0.12549855, 2.090384
