MutagenObjectType: PlacedObject
FormKey: 001882:CoraCoeMultiversalBookHunter.esm
Base: 10FA1D:Starfield.esm
Layer: 1D1DD0:Starfield.esm
Scale: 0.65999997
Position: -82.79815, -40.406757, 16.824442
Rotation: 0.013668897, 0.20661502, 6.2670846
