MutagenObjectType: PlacedObject
FormKey: 00182D:CoraCoeMultiversalBookHunter.esm
Base: 029ADF:Starfield.esm
Layer: 001DC5:CoraCoeMultiversalBookHunter.esm
Scale: 0.69
Position: -32.783882, 31.931208, 28.184475
Rotation: 0.3214857, -0.64575803, 6.0853953
