MutagenObjectType: PlacedObject
FormKey: 00182E:CoraCoeMultiversalBookHunter.esm
Base: 029AEB:Starfield.esm
Layer: 001DC5:CoraCoeMultiversalBookHunter.esm
Scale: 0.77
Position: -31.214119, 29.527367, 30.902489
Rotation: 1.8497951, -0.7201502, 6.150476
