MutagenObjectType: PlacedObject
FormKey: 001813:CoraCoeMultiversalBookHunter.esm
Base: 00B42E:Starfield.esm
Layer: 001DC5:CoraCoeMultiversalBookHunter.esm
Position: -15.843317, 34.361656, 34.628532
Rotation: -2.9800544, -0.0710967, 0.89171803
