MutagenObjectType: PlacedObject
FormKey: 0018BA:CoraCoeMultiversalBookHunter.esm
Base: 06F3A2:Starfield.esm
Layer: 001DC5:CoraCoeMultiversalBookHunter.esm
Position: -60.999344, 43.034676, 38.146027
Rotation: -2.6436371E-08, 2.9723942E-08, 0.7707961
