MutagenObjectType: PlacedObject
FormKey: 00189A:CoraCoeMultiversalBookHunter.esm
Base: 029AD7:Starfield.esm
Layer: 001DC5:CoraCoeMultiversalBookHunter.esm
Scale: 1.1999999
Position: -30.156328, 56.517555, 18.456896
Rotation: -1.339341, 0.4167369, 0.67977905
