MutagenObjectType: PlacedObject
FormKey: 001825:CoraCoeMultiversalBookHunter.esm
Base: 029AEB:Starfield.esm
Layer: 001DC5:CoraCoeMultiversalBookHunter.esm
Position: -21.462093, 45.12385, 15.050034
Rotation: -0.1575352, -0.119718745, 4.201947
