MutagenObjectType: PlacedObject
FormKey: 0018D4:CoraCoeMultiversalBookHunter.esm
Base: 0713C4:Starfield.esm
Layer: 001DC5:CoraCoeMultiversalBookHunter.esm
Position: -76.37541, 8.444195, 13.146042
Rotation: -5.6160314E-08, 3.2875889E-09, 0.77079624
