MutagenObjectType: PlacedObject
FormKey: 001820:CoraCoeMultiversalBookHunter.esm
Base: 029AD7:Starfield.esm
Layer: 001DC5:CoraCoeMultiversalBookHunter.esm
Scale: 0.68
Position: -20.175732, 32.39486, 39.472168
Rotation: -0.018372448, 0.103885286, 5.863542
