MutagenObjectType: PlacedObject
FormKey: 001824:CoraCoeMultiversalBookHunter.esm
Base: 25405B:Starfield.esm
Layer: 001DC5:CoraCoeMultiversalBookHunter.esm
Position: -11.431843, 50.613346, 31.316916
Rotation: -0.5812955, -0.004207849, 4.4766865
