MutagenObjectType: PlacedObject
FormKey: 001812:CoraCoeMultiversalBookHunter.esm
Base: 00B42E:Starfield.esm
Layer: 001DC5:CoraCoeMultiversalBookHunter.esm
Position: -28.432426, 25.798872, 31.706156
Rotation: -2.9663308, 0.019813078, 0.3692162
