MutagenObjectType: PlacedObject
FormKey: 00181E:CoraCoeMultiversalBookHunter.esm
Base: 01C3BF:Starfield.esm
Layer: 001DC5:CoraCoeMultiversalBookHunter.esm
Position: -20.32276, 29.691101, 39.441875
Rotation: 0.16812886, 0.15360193, 0.68578315
