MutagenObjectType: PlacedObject
FormKey: 001828:CoraCoeMultiversalBookHunter.esm
Base: 029AEF:Starfield.esm
Layer: 001DC5:CoraCoeMultiversalBookHunter.esm
Position: -16.226212, 44.294373, 16.698133
Rotation: -0.07433088, 0.1235447, 4.0474463
