MutagenObjectType: PlacedObject
FormKey: 001807:CoraCoeMultiversalBookHunter.esm
Base: 029AF1:Starfield.esm
SourcePackIn: 19FAFE:Starfield.esm
Layer: 001DC5:CoraCoeMultiversalBookHunter.esm
Scale: 0.85999995
Position: -46.5131, 33.14737, 13.08304
Rotation: 0.12501365, -0.48938742, 0.6194547
