MutagenObjectType: PlacedObject
FormKey: 00182C:CoraCoeMultiversalBookHunter.esm
Base: 029AD9:Starfield.esm
Layer: 001DC5:CoraCoeMultiversalBookHunter.esm
Position: -31.791193, 29.932785, 29.14824
Rotation: 0.96137, -0.7159222, 6.1679473
