MutagenObjectType: PlacedObject
FormKey: 001884:CoraCoeMultiversalBookHunter.esm
Base: 3CA3E4:Starfield.esm
Layer: 1D1DD0:Starfield.esm
Position: -69.51363, -39.504997, 18.001514
Rotation: 0.25647315, 0.16962488, 4.712389
