MutagenObjectType: PlacedObject
FormKey: 0018A2:CoraCoeMultiversalBookHunter.esm
Base: 1F563A:Starfield.esm
ConstrainedDecal: 5.919998, 5.7245026, 1.3272533
Layer: 1D1DD0:Starfield.esm
Position: -63.03366, 22.755987, 13.118486
Rotation: -3.1304893, 0.20999569, 4.7147036
