MutagenObjectType: PlacedObject
FormKey: 00181B:CoraCoeMultiversalBookHunter.esm
Base: 029ADB:Starfield.esm
Layer: 001DC5:CoraCoeMultiversalBookHunter.esm
Position: -11.499455, 46.71687, 28.964842
Rotation: 0.23267917, 0.14977406, 6.1684165
