MutagenObjectType: PlacedObject
FormKey: 001889:CoraCoeMultiversalBookHunter.esm
Base: 1F563A:Starfield.esm
ConstrainedDecal: 8, 8, 0.5
Layer: 1D1DD0:Starfield.esm
Position: -81.85327, -2.599337, 15.632449
Rotation: -2.755692, -0.091296874, 1.4135
