MutagenObjectType: PlacedObject
FormKey: 0018FD:CoraCoeMultiversalBookHunter.esm
Base: 2CC9EF:Starfield.esm
Primitive:
  Bounds: 57.229103, 60.88465, 43.833694
  Color: '#0015DBD6'
  Unknown: 0.3
  Type: Box
Layer: 2B3CB9:Starfield.esm
Position: -33.793396, 49.393085, 23.310469
Rotation: 0, -0, 5.419185
