MutagenObjectType: PlacedObject
FormKey: 001833:CoraCoeMultiversalBookHunter.esm
Base: 029AEB:Starfield.esm
Layer: 001DC5:CoraCoeMultiversalBookHunter.esm
Position: -22.478975, 33.491905, 18.540562
Rotation: -0.10655757, 0.03412502, 6.2632856
