MutagenObjectType: PlacedObject
FormKey: 0018A0:CoraCoeMultiversalBookHunter.esm
MajorRecordFlagsRaw: 256
StarfieldMajorRecordFlags:
- 0x100
Components:
- MutagenObjectType: ContactShadowComponent
  Items:
  - Unknown1: 0.009
    Unknown2: 3
    Unknown3: 10
    Unknown4: 0.2
    Unknown5: 0.06
Base: 10ED7D:Starfield.esm
Radius: 13.550253
Lighting:
  Fov90PlusMinus: -19.498352
  Fade1PlusMinus: 1.6
  Unknown1: 2880154539
  Unknown2: 2880154368
LightArea:
  Data: 0x00000000000000000000000000000000
LightStaticShadowMap: True
LightVolumetricData: -2
Layer: 1E9BFB:Starfield.esm
LightRoundedness:
  Data: 0x0000000000000000000000000000000001ABABAB
Position: -1.1313673, -22.399231, 47.884212
Rotation: -1.2659988, 0.15784223, 1.8971616
