MutagenObjectType: PlacedObject
FormKey: 001844:CoraCoeMultiversalBookHunter.esm
MajorRecordFlagsRaw: 256
StarfieldMajorRecordFlags:
- 0x100
Components:
- MutagenObjectType: ContactShadowComponent
  Items:
  - Unknown1: 0.009
    Unknown2: 3
    Unknown3: 10
    Unknown4: 0.2
    Unknown5: 0.06
Base: 33253E:Starfield.esm
Radius: -11.007544
Lighting:
  Fade1PlusMinus: 0.4360344
  ShadowDepthBias: 0.109999985
  Unknown1: 2880154539
  Unknown2: 2880154368
LightVolumetricData: -2
Layer: 121265:Starfield.esm
Position: -54.238884, 26.134012, 40.903416
Rotation: -1.4986488, 1.0101651, 3.042268
