MutagenObjectType: PlacedObject
FormKey: 001800:CoraCoeMultiversalBookHunter.esm
Base: 029AF1:Starfield.esm
Layer: 001DC5:CoraCoeMultiversalBookHunter.esm
Scale: 1.22
Position: -51.984493, 27.324993, 12.034241
Rotation: 0.10804058, 0.07526793, 3.2629426
