MutagenObjectType: PlacedObject
FormKey: 00182B:CoraCoeMultiversalBookHunter.esm
Base: 25405B:Starfield.esm
Layer: 001DC5:CoraCoeMultiversalBookHunter.esm
Position: -31.649965, 30.792734, 28.026527
Rotation: -0.12812085, -1.0371528, 0.39623725
