MutagenObjectType: PlacedObject
FormKey: 001811:CoraCoeMultiversalBookHunter.esm
Base: 25405C:Starfield.esm
SourcePackIn: 19FAFE:Starfield.esm
Layer: 001DC5:CoraCoeMultiversalBookHunter.esm
Position: -26.187016, 38.934402, 13.805457
Rotation: -1.3747191, -1.1526334, 3.0673883
