MutagenObjectType: PlacedObject
FormKey: 00181F:CoraCoeMultiversalBookHunter.esm
Base: 029AE5:Starfield.esm
Layer: 001DC5:CoraCoeMultiversalBookHunter.esm
Position: -23.662426, 28.821095, 40.162216
Rotation: 0.13094051, -0.22302082, 1.2094299
