MutagenObjectType: PlacedObject
FormKey: 00188E:CoraCoeMultiversalBookHunter.esm
Base: 06F3A3:Starfield.esm
Layer: 001DC5:CoraCoeMultiversalBookHunter.esm
Position: -76.55178, -30.144846, 15.742673
Rotation: 0.027022734, -0.004052657, 2.0559278
