MutagenObjectType: PlacedObject
FormKey: 0018CC:CoraCoeMultiversalBookHunter.esm
Base: 0704E0:Starfield.esm
Layer: 001DC5:CoraCoeMultiversalBookHunter.esm
Position: -19.162079, 43.48829, 13.146042
Rotation: -2.6436371E-08, 2.9723942E-08, 0.7707961
