MutagenObjectType: PlacedObject
FormKey: 0018F5:CoraCoeMultiversalBookHunter.esm
Base: 29AAF1:Starfield.esm
Primitive:
  Bounds: 15.376511, 43.051445, 16.604355
  Color: '#00004080'
  Unknown: 0.3
  Type: Box
Layer: 2B3CB9:Starfield.esm
Position: -84.092545, -2.9602773, 19.343395
Rotation: -3.9740986E-08, 1.744618E-09, 0.21779567
