MutagenObjectType: PlacedObject
FormKey: 0018CE:CoraCoeMultiversalBookHunter.esm
Base: 0714BF:Starfield.esm
Layer: 001DC5:CoraCoeMultiversalBookHunter.esm
Position: -34.508522, 27.783594, 18.044403
Rotation: -1.7143984E-08, 3.933408E-08, 0.68879575
