MutagenObjectType: PlacedObject
FormKey: 001895:CoraCoeMultiversalBookHunter.esm
Base: 06F39D:Starfield.esm
Layer: 001DC5:CoraCoeMultiversalBookHunter.esm
Position: -13.054077, 52.678688, 17.734844
Rotation: -0.03312768, 0.12817557, 0.8828798
