MutagenObjectType: PlacedObject
FormKey: 001862:CoraCoeMultiversalBookHunter.esm
MajorRecordFlagsRaw: 256
StarfieldMajorRecordFlags:
- 0x100
Components:
- MutagenObjectType: ContactShadowComponent
  Items:
  - Unknown1: 0.009
    Unknown2: 3
    Unknown3: 10
    Unknown4: 0.2
    Unknown5: 0.06
Base: 0F4CDF:Starfield.esm
Radius: 16.513973
Lighting:
  Fov90PlusMinus: -30
  Fade1PlusMinus: 0.58110195
  EndDistanceCap: 8
  ShadowDepthBias: 0.15
  Unknown1: 2880154539
  Unknown2: 2880154368
LightBarndoorData:
  Data: 0x00000000000000000000000000000000000000000000ABAB
LightArea:
  Data: 0x0000C0BF0000C0BF0000000000000000
LightStaticShadowMap: False
LightVolumetricData: -2
Layer: 121265:Starfield.esm
LightRoundedness:
  Data: 0x0000000000000000000000000000000001ABABAB
Position: -56.89279, 39.264465, 40.000553
Rotation: 2, -1.5707964, 0
