MutagenObjectType: PlacedObject
FormKey: 00188F:CoraCoeMultiversalBookHunter.esm
Base: 012366:Starfield.esm
Layer: 001DC5:CoraCoeMultiversalBookHunter.esm
Position: -79.542, -29.32999, 15.570497
Rotation: -0.049122322, -0.039419297, 4.6470265
