MutagenObjectType: PlacedObject
FormKey: 001890:CoraCoeMultiversalBookHunter.esm
Base: 029AEB:Starfield.esm
Layer: 001DC5:CoraCoeMultiversalBookHunter.esm
Position: -45.90621, 70.45691, 32.175365
Rotation: -0.37232906, -0.41551167, 5.876592
