MutagenObjectType: PlacedObject
FormKey: 001830:CoraCoeMultiversalBookHunter.esm
Base: 029AD9:Starfield.esm
Layer: 001DC5:CoraCoeMultiversalBookHunter.esm
Position: -24.814465, 31.792469, 19.06714
Rotation: 0.31042978, 0.20481229, 0
