MutagenObjectType: PlacedObject
FormKey: 001891:CoraCoeMultiversalBookHunter.esm
Base: 029ADD:Starfield.esm
Layer: 001DC5:CoraCoeMultiversalBookHunter.esm
Position: -10.756318, 43.269733, 33.738388
Rotation: 2.5390446, 1.1580775, 0.82126665
