MutagenObjectType: PlacedObject
FormKey: 001823:CoraCoeMultiversalBookHunter.esm
Base: 25405C:Starfield.esm
Layer: 001DC5:CoraCoeMultiversalBookHunter.esm
Position: -20.515097, 32.55118, 40.761837
Rotation: 0.6164633, 0.25762725, 4.896171
