MutagenObjectType: PlacedObject
FormKey: 001850:CoraCoeMultiversalBookHunter.esm
MajorRecordFlagsRaw: 256
StarfieldMajorRecordFlags:
- 0x100
Components:
- MutagenObjectType: ContactShadowComponent
  Items:
  - Unknown1: 0.009
    Unknown2: 3
    Unknown3: 10
    Unknown4: 0.2
    Unknown5: 0.06
Base: 1A4E58:Starfield.esm
Radius: 18.25866
Lighting:
  Fov90PlusMinus: 30
  Fade1PlusMinus: 0.55960894
  EndDistanceCap: 22.567583
  ShadowDepthBias: 0.15
  Unknown1: 2880154539
  Unknown2: 2880154368
LightArea:
  Data: 0x00000000666666BF000000000000003E
LightStaticShadowMap: True
LightVolumetricData: 1.1
Layer: 2FF936:Starfield.esm
LightRoundedness:
  Data: 0x0000000000000000000000000000000001ABABAB
Position: -86.3483, -36.311867, 19.244532
Rotation: 0.084147036, 0.8226813, 0.10876485
