MutagenObjectType: PlacedObject
FormKey: 001858:CoraCoeMultiversalBookHunter.esm
MajorRecordFlagsRaw: 256
StarfieldMajorRecordFlags:
- 0x100
Components:
- MutagenObjectType: ContactShadowComponent
  Items:
  - Unknown1: 0.009
    Unknown2: 3
    Unknown3: 10
    Unknown4: 0.2
    Unknown5: 0.06
Base: 1A4E58:Starfield.esm
Radius: 2.6053972
Lighting:
  Fov90PlusMinus: 30
  Fade1PlusMinus: 0.34054753
  EndDistanceCap: 22.567583
  ShadowDepthBias: 0.15
  Unknown1: 2880154539
  Unknown2: 2880154368
LightArea:
  Data: 0x00000000666666BF000000000000003E
LightStaticShadowMap: True
LightVolumetricData: -0.9
Layer: 2FF936:Starfield.esm
Position: -63.39242, -29.001665, 23.802164
Rotation: -0.22834095, -1.0221434, 0.30971333
