MutagenObjectType: PlacedObject
FormKey: 001831:CoraCoeMultiversalBookHunter.esm
Base: 029AE5:Starfield.esm
Layer: 001DC5:CoraCoeMultiversalBookHunter.esm
Position: -24.299759, 29.325823, 18.67715
Rotation: 0.13730212, -0.1312904, 0.7019883
