MutagenObjectType: PlacedObject
FormKey: 00186A:CoraCoeMultiversalBookHunter.esm
MajorRecordFlagsRaw: 256
StarfieldMajorRecordFlags:
- 0x100
Components:
- MutagenObjectType: ContactShadowComponent
  Items:
  - Unknown1: 0.009
    Unknown2: 3
    Unknown3: 10
    Unknown4: 0.2
    Unknown5: 0.06
Base: 0F4CDF:Starfield.esm
Radius: 11.1726265
Lighting:
  Fov90PlusMinus: -30
  Fade1PlusMinus: 0.46740133
  EndDistanceCap: 8
  ShadowDepthBias: 0.15
  Unknown1: 2880154539
  Unknown2: 2880154368
LightBarndoorData:
  Data: 0x00000000000000000000000000000000000000000000ABAB
LightArea:
  Data: 0x0000C0BF0000C0BF0000000000000000
LightStaticShadowMap: False
Layer: 121265:Starfield.esm
Position: -54.904884, 26.08167, 37.965454
Rotation: -1.5707963, 0.9292036, 3.5707965
