MutagenObjectType: PlacedObject
FormKey: 00185F:CoraCoeMultiversalBookHunter.esm
MajorRecordFlagsRaw: 256
StarfieldMajorRecordFlags:
- 0x100
Components:
- MutagenObjectType: ContactShadowComponent
  Items:
  - Unknown1: 0.009
    Unknown2: 3
    Unknown3: 10
    Unknown4: 0.2
    Unknown5: 0.06
Base: 1A4E58:Starfield.esm
Radius: 20.853617
Lighting:
  Fov90PlusMinus: 30
  Fade1PlusMinus: 1.6
  EndDistanceCap: 22.567583
  ShadowDepthBias: 0.15
  Unknown1: 2880154539
  Unknown2: 2880154368
LightArea:
  Data: 0x00000000666666BF000000000000003E
LightStaticShadowMap: False
LightVolumetricData: -0.9
Layer: 0011A1:Starfield.esm
LightRoundedness:
  Data: 0x0000000000000000000000000000000001ABABAB
Position: -37.783012, -30.059376, 31.371096
Rotation: 0.0041127326, 0.25016406, 3.2380376
