MutagenObjectType: PlacedObject
FormKey: 00181D:CoraCoeMultiversalBookHunter.esm
Base: 00B431:Starfield.esm
Layer: 001DC5:CoraCoeMultiversalBookHunter.esm
Scale: 1.54
Position: -7.8338547, 53.375637, 33.828247
Rotation: -0.66377, 1.1355497, 0.37435696
