MutagenObjectType: PlacedObject
FormKey: 001897:CoraCoeMultiversalBookHunter.esm
Base: 211462:Starfield.esm
Layer: 001DC3:CoraCoeMultiversalBookHunter.esm
Position: -19.983168, 58.98496, 19.802223
Rotation: -0.29172486, 0.04014872, 3.412389
