MutagenObjectType: PlacedObject
FormKey: 00188D:CoraCoeMultiversalBookHunter.esm
Base: 1F563A:Starfield.esm
ConstrainedDecal: 5.919998, 5.7245026, 1.3272533
Layer: 1D1DD0:Starfield.esm
Position: -66.614494, 21.014275, 13.090347
Rotation: -3.1304893, 0.20999569, 4.7147036
