MutagenObjectType: PlacedObject
FormKey: 0018CA:CoraCoeMultiversalBookHunter.esm
Base: 0704E0:Starfield.esm
Layer: 001DC5:CoraCoeMultiversalBookHunter.esm
Position: -39.423042, 69.46397, 18.115936
Rotation: -0.0025494748, -0.027579477, 6.071341
