MutagenObjectType: PlacedObject
FormKey: 00189D:CoraCoeMultiversalBookHunter.esm
MajorRecordFlagsRaw: 256
StarfieldMajorRecordFlags:
- 0x100
Components:
- MutagenObjectType: ContactShadowComponent
  Items:
  - Unknown1: 0.009
    Unknown2: 3
    Unknown3: 10
    Unknown4: 0.2
    Unknown5: 0.06
Base: 10ED7D:Starfield.esm
Radius: 5.544503
Lighting:
  Fov90PlusMinus: -81.49726
  Fade1PlusMinus: 1.6
  Unknown1: 2880154539
  Unknown2: 2880154368
LightArea:
  Data: 0x00000000000000000000000000000000
LightStaticShadowMap: True
LightVolumetricData: -2
Layer: 1E9BFB:Starfield.esm
LightRoundedness:
  Data: 0x0000000000000000000000000000000001ABABAB
Position: 1.7784032, -15.516828, 40.119396
Rotation: -0.24083, 0.070006385, 4.1945963
