MutagenObjectType: PlacedObject
FormKey: 001840:CoraCoeMultiversalBookHunter.esm
MajorRecordFlagsRaw: 256
StarfieldMajorRecordFlags:
- 0x100
Components:
- MutagenObjectType: ContactShadowComponent
  Items:
  - Unknown1: 0.009
    Unknown2: 3
    Unknown3: 10
    Unknown4: 0.2
    Unknown5: 0.06
Base: 1A4E58:Starfield.esm
Radius: 12.15473
Lighting:
  Fov90PlusMinus: 30
  Fade1PlusMinus: 1.52064
  EndDistanceCap: 22.567583
  ShadowDepthBias: 0.15
  Unknown1: 2880154539
  Unknown2: 2880154368
LightArea:
  Data: 0x00000000666666BF000000000000003E
LightStaticShadowMap: False
LightVolumetricData: 1.1
Layer: 0011A1:Starfield.esm
Position: -27.494408, 34.64585, 20.71399
Rotation: 0.018582745, 0.028752847, 2.7440546
