MutagenObjectType: PlacedObject
FormKey: 0018FF:CoraCoeMultiversalBookHunter.esm
Base: 2835AE:Starfield.esm
Layer: 1681B4:Starfield.esm
Position: -49.509216, 47.015007, 39.6305
Rotation: -0.11997522, 0.02575062, 5.677872
