MutagenObjectType: PlacedObject
FormKey: 001880:CoraCoeMultiversalBookHunter.esm
Base: 10FA21:Starfield.esm
Layer: 1D1DD0:Starfield.esm
Scale: 0.65999997
Position: -81.38092, -37.43036, 16.616545
Rotation: 0.045468245, -0.03505213, 4.712389
