MutagenObjectType: PlacedObject
FormKey: 0018D6:CoraCoeMultiversalBookHunter.esm
Base: 2D0117:Starfield.esm
Layer: 001DC5:CoraCoeMultiversalBookHunter.esm
Position: -75.31236, 29.488882, 38.272877
Rotation: 0.0016157463, -0.016835662, 3.5310264
