MutagenObjectType: PlacedObject
FormKey: 0018D8:CoraCoeMultiversalBookHunter.esm
Base: 06F3A2:Starfield.esm
Layer: 001DC5:CoraCoeMultiversalBookHunter.esm
Position: -20.301262, 64.84447, 20.146027
Rotation: -0.18455765, -0.18674907, 0.7881282
