MutagenObjectType: PlacedObject
FormKey: 001816:CoraCoeMultiversalBookHunter.esm
Base: 029ADF:Starfield.esm
Layer: 001DC5:CoraCoeMultiversalBookHunter.esm
Position: -12.050808, 42.193623, 28.62564
Rotation: 0.039080996, -0.12895517, 0.20285068
