MutagenObjectType: PlacedObject
FormKey: 001826:CoraCoeMultiversalBookHunter.esm
Base: 029AE9:Starfield.esm
Layer: 001DC5:CoraCoeMultiversalBookHunter.esm
Position: -22.648973, 49.368855, 15.298884
Rotation: -0.5812325, 0.31548372, 6.011688
