MutagenObjectType: PlacedObject
FormKey: 001845:CoraCoeMultiversalBookHunter.esm
MajorRecordFlagsRaw: 256
StarfieldMajorRecordFlags:
- 0x100
Components:
- MutagenObjectType: ContactShadowComponent
  Items:
  - Unknown1: 0.009
    Unknown2: 3
    Unknown3: 10
    Unknown4: 0.2
    Unknown5: 0.06
Base: 0F4CDF:Starfield.esm
Radius: 16.513973
Lighting:
  Fov90PlusMinus: -30
  Fade1PlusMinus: 1
  EndDistanceCap: 8
  ShadowDepthBias: 0.15
  Unknown1: 2880154539
  Unknown2: 2880154368
LightBarndoorData:
  Data: 0x00000000000000000000000000000000000000000000ABAB
LightArea:
  Data: 0x0000C0BF0000C0BF000000000000003E
LightStaticShadowMap: False
Layer: 121265:Starfield.esm
Position: -56.36337, 48.17427, 40.000553
Rotation: -1.5415927, -1.5707964, 3.1415927
