MutagenObjectType: PlacedObject
FormKey: 00181A:CoraCoeMultiversalBookHunter.esm
Base: 029AEB:Starfield.esm
Layer: 001DC5:CoraCoeMultiversalBookHunter.esm
Position: -11.825279, 44.882328, 28.498226
Rotation: 0.019249529, 0.09095104, 6.265846
