MutagenObjectType: PlacedObject
FormKey: 001886:CoraCoeMultiversalBookHunter.esm
Base: 16161B:Starfield.esm
Layer: 1D1DD0:Starfield.esm
Position: -86.610466, -4.4137397, 15.884551
Rotation: 1.5609423, -0.5847999, 6.1564364
