MutagenObjectType: PlacedObject
FormKey: 001841:CoraCoeMultiversalBookHunter.esm
MajorRecordFlagsRaw: 256
StarfieldMajorRecordFlags:
- 0x100
Components:
- MutagenObjectType: ContactShadowComponent
  Items:
  - Unknown1: 0.009
    Unknown2: 3
    Unknown3: 10
    Unknown4: 0.2
    Unknown5: 0.06
Base: 1A4E58:Starfield.esm
Radius: 14.112694
Lighting:
  Fov90PlusMinus: 30
  Fade1PlusMinus: 0.26987076
  EndDistanceCap: 22.567583
  ShadowDepthBias: 0.15
  Unknown1: 2880154539
  Unknown2: 2880154368
LightArea:
  Data: 0x00000000666666BF000000000000003E
LightStaticShadowMap: False
LightVolumetricData: -0.9
Layer: 0011A1:Starfield.esm
Position: -27.111237, 34.685104, 21.574093
Rotation: 0.79484206, -0.10292046, 1.8426871
