MutagenObjectType: PlacedObject
FormKey: 0018C4:CoraCoeMultiversalBookHunter.esm
Base: 0704E0:Starfield.esm
Layer: 001DC5:CoraCoeMultiversalBookHunter.esm
Position: -29.507605, 53.04133, 14.077728
Rotation: -0.11002758, -0.09118596, 0.7768998
