MutagenObjectType: PlacedObject
FormKey: 001821:CoraCoeMultiversalBookHunter.esm
Base: 029AEF:Starfield.esm
Layer: 001DC5:CoraCoeMultiversalBookHunter.esm
Position: -24.525572, 29.805603, 39.769264
Rotation: 0.15949576, 0.17980388, 0.02875832
