MutagenObjectType: PlacedObject
FormKey: 001888:CoraCoeMultiversalBookHunter.esm
Base: 02EE4C:Starfield.esm
Layer: 1D1DD0:Starfield.esm
Scale: 0.96
Position: -82.29491, -4.859633, 16.380825
Rotation: 0.2173206, 0.10907139, 4.3410788
