MutagenObjectType: PlacedObject
FormKey: 0018C3:CoraCoeMultiversalBookHunter.esm
Base: 0704E0:Starfield.esm
Layer: 001DC5:CoraCoeMultiversalBookHunter.esm
Position: -49.43024, 33.852936, 13.146042
Rotation: -2.6436371E-08, 2.9723942E-08, 0.7707961
