MutagenObjectType: PlacedObject
FormKey: 0018A3:CoraCoeMultiversalBookHunter.esm
Base: 1F563A:Starfield.esm
ProjectedDecal:
  WidthScale: 1
  HeightScale: 1
  UnknownFloat: 1
  UnknownInt: 2880154369
ProjectedDecalReferences:
- 0018C3:CoraCoeMultiversalBookHunter.esm
ConstrainedDecal: 5.919998, 5.7245026, 1.5334873
Layer: 1D1DD0:Starfield.esm
Position: -60.11957, 27.927042, 13.539922
Rotation: -3.1304893, 0.20999528, 1.7002026
