MutagenObjectType: PlacedObject
FormKey: 00188C:CoraCoeMultiversalBookHunter.esm
Base: 24F0F6:Starfield.esm
Layer: 001DC5:CoraCoeMultiversalBookHunter.esm
Scale: 1.03
Position: -77.216896, -1.1796873, 15.878694
Rotation: 0.31650847, 0.17543198, 5.2796097
