MutagenObjectType: PlacedObject
FormKey: 0018DB:CoraCoeMultiversalBookHunter.esm
Base: 06F3A2:Starfield.esm
Layer: 001DC5:CoraCoeMultiversalBookHunter.esm
Position: -8.651279, 52.30544, 17.315948
Rotation: 5.7095164E-09, -5.54516E-09, 4.9801855
