MutagenObjectType: PlacedObject
FormKey: 00181C:CoraCoeMultiversalBookHunter.esm
Base: 029AD7:Starfield.esm
Layer: 001DC5:CoraCoeMultiversalBookHunter.esm
Position: -11.672236, 43.006317, 30.752764
Rotation: 0.5126836, 0.55691767, 4.9442234
