MutagenObjectType: PlacedObject
FormKey: 00184C:CoraCoeMultiversalBookHunter.esm
MajorRecordFlagsRaw: 256
StarfieldMajorRecordFlags:
- 0x100
Components:
- MutagenObjectType: ContactShadowComponent
  Items:
  - Unknown1: 0.009
    Unknown2: 3
    Unknown3: 10
    Unknown4: 0.2
    Unknown5: 0.06
Base: 1A4E58:Starfield.esm
Radius: 37.233036
Lighting:
  Fov90PlusMinus: 30
  Fade1PlusMinus: 1.3465991
  EndDistanceCap: 22.567583
  ShadowDepthBias: 0.15
  Unknown1: 2880154539
  Unknown2: 2880154368
LightArea:
  Data: 0x00000000666666BF000000000000003E
LightStaticShadowMap: False
LightVolumetricData: -0.9
Layer: 0011A1:Starfield.esm
Position: -63.508854, -27.588615, 18.72276
Rotation: 2.165489, -0.3872886, 1.2980069
