MutagenObjectType: PlacedObject
FormKey: 001951:CoraCoeMultiversalBookHunter.esm
Base: 161615:Starfield.esm
Layer: 001DC3:CoraCoeMultiversalBookHunter.esm
Position: -37.658546, 45.761467, 14.788532
Rotation: -0.45409116, -0.13454688, 4.712389
