MutagenObjectType: PlacedObject
FormKey: 00198F:CoraCoeMultiversalBookHunter.esm
Base: 1E28F8:Starfield.esm
Layer: 001DC3:CoraCoeMultiversalBookHunter.esm
Position: -87.164375, -28.944527, 15.365464
Rotation: 0.18925251, -0.40890256, 5.7288017
