MutagenObjectType: PlacedObject
FormKey: 0019B3:CoraCoeMultiversalBookHunter.esm
Base: 139E43:Starfield.esm
Layer: 001DC3:CoraCoeMultiversalBookHunter.esm
Position: -45.967766, 21.502241, 36.649353
Rotation: 0.11853754, -0.030714788, 4.712389
