MutagenObjectType: PlacedObject
FormKey: 001952:CoraCoeMultiversalBookHunter.esm
Base: 161615:Starfield.esm
Layer: 001DC3:CoraCoeMultiversalBookHunter.esm
Scale: 0.84
Position: -43.568214, 41.84141, 13.952022
Rotation: -0.24508893, -0.091499686, 2.8455925
