MutagenObjectType: PlacedObject
FormKey: 001998:CoraCoeMultiversalBookHunter.esm
Base: 075B8D:Starfield.esm
Layer: 001DC3:CoraCoeMultiversalBookHunter.esm
Position: -30.77739, 40.681904, 13.933007
Rotation: 0.63636214, -0.8175318, 0.778978
