MutagenObjectType: PlacedObject
FormKey: 001937:CoraCoeMultiversalBookHunter.esm
Base: 0714BF:Starfield.esm
Layer: 001DC5:CoraCoeMultiversalBookHunter.esm
Position: -41.499588, -17.451183, 28.46701
Rotation: -0.30146995, -0.0017703599, 5.7295456
