MutagenObjectType: PlacedObject
FormKey: 0019B2:CoraCoeMultiversalBookHunter.esm
Base: 3E498A:Starfield.esm
Layer: 001DC3:CoraCoeMultiversalBookHunter.esm
Position: -47.43263, 19.85313, 36.34609
Rotation: 1.603924, 0.0047432957, 5.169671
