MutagenObjectType: PlacedObject
FormKey: 001912:CoraCoeMultiversalBookHunter.esm
Base: 012368:Starfield.esm
Layer: 001DC5:CoraCoeMultiversalBookHunter.esm
Scale: 1.1899999
Position: -59.608475, 32.571274, 38.415318
Rotation: -0.06998704, 0.028145693, 5.933358
