MutagenObjectType: PlacedObject
FormKey: 00198C:CoraCoeMultiversalBookHunter.esm
Base: 161617:Starfield.esm
Layer: 001DC3:CoraCoeMultiversalBookHunter.esm
Position: -81.016464, -37.599575, 16.516968
Rotation: 0.016407141, -0.029043725, 6.282709
