MutagenObjectType: PlacedObject
FormKey: 0019C5:CoraCoeMultiversalBookHunter.esm
Base: 016758:Starfield.esm
Layer: 001DC7:CoraCoeMultiversalBookHunter.esm
Position: -35.772034, 35.899002, 36.22756
Rotation: 0.16435193, 0.07285169, 5.712389
