MutagenObjectType: PlacedObject
FormKey: 001938:CoraCoeMultiversalBookHunter.esm
Base: 0714BF:Starfield.esm
Layer: 001DC5:CoraCoeMultiversalBookHunter.esm
Position: -37.844547, -25.418037, 26.753265
Rotation: -0.056216355, 0.246397, 0.31076077
