MutagenObjectType: PlacedObject
FormKey: 001936:CoraCoeMultiversalBookHunter.esm
Base: 0714BF:Starfield.esm
Layer: 001DC5:CoraCoeMultiversalBookHunter.esm
Position: -59.37506, -3.3213706, 33.265747
Rotation: -0.19835474, -0.17528339, 1.9325429
