MutagenObjectType: PlacedObject
FormKey: 001907:CoraCoeMultiversalBookHunter.esm
Base: 161B6C:Starfield.esm
Position: -3.7829285, -25.640862, 33.132824
Rotation: 0.025607409, 0.11960696, 0.75291157
