MutagenObjectType: PlacedObject
FormKey: 001905:CoraCoeMultiversalBookHunter.esm
Base: 36717D:Starfield.esm
Layer: 1681B4:Starfield.esm
Position: -29.373768, 31.21775, 18.534286
Rotation: 0, -0, 4.6806006
