MutagenObjectType: PlacedObject
FormKey: 00191D:CoraCoeMultiversalBookHunter.esm
MajorRecordFlagsRaw: 256
StarfieldMajorRecordFlags:
- 0x100
Base: 12122C:Starfield.esm
Radius: 25.427086
Lighting:
  Fade1PlusMinus: 0.15853362
  Unknown1: 2880154539
  Unknown2: 2880154368
LightArea:
  Data: 0x00000000000000000000000000000000
LightVolumetricData: 78
Layer: 1E9BFB:Starfield.esm
LightRoundedness:
  Data: 0x0000000000000000000000000000000001ABABAB
Position: -64.91247, -7.860485, 36.278294
