MutagenObjectType: PlacedObject
FormKey: 0019C3:CoraCoeMultiversalBookHunter.esm
Base: 3CC32C:Starfield.esm
Layer: 001DC7:CoraCoeMultiversalBookHunter.esm
Position: -56.49979, 19.309273, 36.987263
Rotation: 0.19638179, 0.0020276657, 4.7114887
