MutagenObjectType: PlacedObject
FormKey: 0019BC:CoraCoeMultiversalBookHunter.esm
Base: 1CCF46:Starfield.esm
Layer: 001DC7:CoraCoeMultiversalBookHunter.esm
Position: -57.140472, 25.297956, 38.90523
Rotation: 0.17033932, -0.2420127, 5.0419893
