MutagenObjectType: PlacedObject
FormKey: 0019C4:CoraCoeMultiversalBookHunter.esm
Base: 1D2097:Starfield.esm
Layer: 001DC3:CoraCoeMultiversalBookHunter.esm
Scale: 0.61
Position: -34.828262, 35.924213, 35.664146
Rotation: 0.1770499, 0.09566512, 2.7135546
