MutagenObjectType: PlacedObject
FormKey: 001904:CoraCoeMultiversalBookHunter.esm
Base: 252AAB:Starfield.esm
Layer: 1681B4:Starfield.esm
Position: -50.68901, 38.91447, 38.525257
Rotation: 0.0022725412, -0.06059329, 5.615063
