MutagenObjectType: PlacedObject
FormKey: 001963:CoraCoeMultiversalBookHunter.esm
Base: 075B8D:Starfield.esm
Layer: 001DC3:CoraCoeMultiversalBookHunter.esm
Position: -41.907818, 47.940376, 18.477375
Rotation: -0.0969931, 0.001991785, 5.20538
