MutagenObjectType: PlacedObject
FormKey: 001950:CoraCoeMultiversalBookHunter.esm
Base: 161615:Starfield.esm
Layer: 001DC3:CoraCoeMultiversalBookHunter.esm
Position: -37.28012, 45.067482, 14.017936
Rotation: -1.0126798, -0.74179155, 2.742453
