MutagenObjectType: PlacedObject
FormKey: 00199E:CoraCoeMultiversalBookHunter.esm
Base: 1339B7:Starfield.esm
Layer: 001DC5:CoraCoeMultiversalBookHunter.esm
Scale: 0.34
Position: -35.022392, 33.953506, 18.598377
Rotation: 0.07463835, -0.14634117, 6.1382823
