MutagenObjectType: PlacedObject
FormKey: 001965:CoraCoeMultiversalBookHunter.esm
Base: 075B8D:Starfield.esm
Layer: 001DC3:CoraCoeMultiversalBookHunter.esm
Position: -46.419174, 44.05718, 15.250223
Rotation: -0.7199489, -0.40488175, 4.4718246
