MutagenObjectType: PlacedObject
FormKey: 00199A:CoraCoeMultiversalBookHunter.esm
Base: 39C9D9:Starfield.esm
Layer: 001DC3:CoraCoeMultiversalBookHunter.esm
Position: -40.480667, 40.928673, 13.577623
Rotation: -1.2588589, 0.5376533, 1.6905675
