MutagenObjectType: PlacedObject
FormKey: 0019AE:CoraCoeMultiversalBookHunter.esm
Base: 2514CA:Starfield.esm
Layer: 001DC3:CoraCoeMultiversalBookHunter.esm
Position: -15.405952, 43.749374, 22.049963
Rotation: 1.5707961, 0.49820313, 4.712389
