MutagenObjectType: PlacedObject
FormKey: 001916:CoraCoeMultiversalBookHunter.esm
Base: 2F063A:Starfield.esm
Layer: 001DC5:CoraCoeMultiversalBookHunter.esm
Position: -23.652666, 37.687695, 13.999054
Rotation: 0.09549422, -0.027052084, 3.6378646
