MutagenObjectType: PlacedObject
FormKey: 0019A6:CoraCoeMultiversalBookHunter.esm
Base: 05C644:Starfield.esm
LayeredMaterialSwaps:
- 121584:Starfield.esm
Layer: 001DC3:CoraCoeMultiversalBookHunter.esm
Position: -55.364838, 36.410965, 13.658186
Rotation: 0.19317485, 0.09864251, 5.641267
