MutagenObjectType: PlacedObject
FormKey: 00199C:CoraCoeMultiversalBookHunter.esm
Base: 12F2DB:Starfield.esm
Layer: 001DC5:CoraCoeMultiversalBookHunter.esm
Scale: 0.34
Position: -36.595673, 33.786503, 19.053974
Rotation: -0.04887627, -0.29691133, 0.014310419
