MutagenObjectType: PlacedObject
FormKey: 001955:CoraCoeMultiversalBookHunter.esm
Base: 06CC9F:Starfield.esm
Layer: 001DC3:CoraCoeMultiversalBookHunter.esm
Position: -44.599854, 46.065784, 15.042433
Rotation: -1.6789795, -0.8815613, 3.2252119
