MutagenObjectType: PlacedObject
FormKey: 0019AB:CoraCoeMultiversalBookHunter.esm
Base: 2514D2:Starfield.esm
Layer: 001DC3:CoraCoeMultiversalBookHunter.esm
Position: -13.649229, 44.70497, 28.049961
Rotation: 1.5707961, 0.49820018, 3.1415923
