MutagenObjectType: PlacedObject
FormKey: 001927:CoraCoeMultiversalBookHunter.esm
Base: 03F808:Starfield.esm
ReferenceGroup: 2D7203:Starfield.esm
Position: -67.75244, -38.101246, 17.812872
Rotation: 0.35736546, 0.39371067, 0.043703914
