MutagenObjectType: PlacedObject
FormKey: 001914:CoraCoeMultiversalBookHunter.esm
Base: 24F0F6:Starfield.esm
Layer: 001DC5:CoraCoeMultiversalBookHunter.esm
Position: -21.400711, 62.399296, 21.052694
Rotation: -0.2975492, -0.34320465, 3.7704659
