MutagenObjectType: PlacedObject
FormKey: 00190F:CoraCoeMultiversalBookHunter.esm
Base: 029AF3:Starfield.esm
Layer: 001DC5:CoraCoeMultiversalBookHunter.esm
Scale: 1.3399999
Position: -72.91934, 6.258186, 19.437447
Rotation: -0.26327324, 0.37662968, 1.9700466
