MutagenObjectType: PlacedObject
FormKey: 0019AA:CoraCoeMultiversalBookHunter.esm
Base: 17E01A:Starfield.esm
Layer: 001DC3:CoraCoeMultiversalBookHunter.esm
Position: -39.38176, 60.855576, 28.868542
Rotation: -0.18503864, -0.047800846, 4.712389
