MutagenObjectType: PlacedObject
FormKey: 0019BA:CoraCoeMultiversalBookHunter.esm
Base: 1CC4A7:Starfield.esm
Layer: 001DC7:CoraCoeMultiversalBookHunter.esm
Position: -60.87961, 41.50581, 38.453907
Rotation: -2.642934E-08, 2.9723997E-08, 5.2831855
