MutagenObjectType: PlacedObject
FormKey: 0019AD:CoraCoeMultiversalBookHunter.esm
Base: 2514CA:Starfield.esm
Layer: 001DC3:CoraCoeMultiversalBookHunter.esm
Position: -15.406218, 43.749348, 24.04996
Rotation: 1.5707961, 0.49820313, 4.712389
