MutagenObjectType: PlacedObject
FormKey: 001906:CoraCoeMultiversalBookHunter.esm
Base: 28359E:Starfield.esm
Layer: 1681B4:Starfield.esm
Position: -59.969704, 27.20402, 13.624364
Rotation: 0, -0, 7.6283723E-06
