MutagenObjectType: PlacedObject
FormKey: 001915:CoraCoeMultiversalBookHunter.esm
Base: 029AE9:Starfield.esm
Layer: 001DC5:CoraCoeMultiversalBookHunter.esm
Position: -20.265802, 56.78351, 19.452808
Rotation: 2.9279227, 0.07715732, 0.42450702
