MutagenObjectType: PlacedObject
FormKey: 001939:CoraCoeMultiversalBookHunter.esm
Base: 224975:Starfield.esm
Layer: 001DC5:CoraCoeMultiversalBookHunter.esm
Position: -70.62203, -0.47839612, 35.790405
Rotation: -0.17816405, -0.08238206, 1.929287
