MutagenObjectType: PlacedObject
FormKey: 0019C8:CoraCoeMultiversalBookHunter.esm
Base: 20B983:Starfield.esm
Layer: 001DC3:CoraCoeMultiversalBookHunter.esm
Position: -34.717285, 35.363052, 35.77742
Rotation: 0.17703997, 0.095665134, 3.212389
