MutagenObjectType: PlacedObject
FormKey: 0019A0:CoraCoeMultiversalBookHunter.esm
Base: 024314:Starfield.esm
Layer: 001DC3:CoraCoeMultiversalBookHunter.esm
Position: -34.4682, 27.486313, 18.718803
Rotation: 1.709032, 0.45012033, 1.1678286
