MutagenObjectType: PlacedObject
FormKey: 001935:CoraCoeMultiversalBookHunter.esm
Base: 0714BF:Starfield.esm
Layer: 001DC5:CoraCoeMultiversalBookHunter.esm
Position: -46.70979, 18.40041, 36.3166
Rotation: 0.19109978, 0.050974023, 2.053498
