MutagenObjectType: PlacedObject
FormKey: 001993:CoraCoeMultiversalBookHunter.esm
Base: 02EE55:Starfield.esm
Layer: 001DC3:CoraCoeMultiversalBookHunter.esm
Position: -17.570726, 58.9115, 19.824648
Rotation: -0.20609792, -0.030441843, 4.712389
