MutagenObjectType: PlacedObject
FormKey: 001991:CoraCoeMultiversalBookHunter.esm
Base: 12F2D7:Starfield.esm
Layer: 001DC5:CoraCoeMultiversalBookHunter.esm
Position: -20.517904, 54.923676, 19.451033
Rotation: 0.11064615, -0.1338904, 0.51930666
