MutagenObjectType: PlacedObject
FormKey: 0019A4:CoraCoeMultiversalBookHunter.esm
Base: 133366:Starfield.esm
Layer: 001DC3:CoraCoeMultiversalBookHunter.esm
Position: -32.180492, 30.295155, 18.536509
Rotation: -0.19247672, -0.17369428, 3.1415927
