MutagenObjectType: PlacedObject
FormKey: 0019B4:CoraCoeMultiversalBookHunter.esm
Base: 139E43:Starfield.esm
Layer: 001DC3:CoraCoeMultiversalBookHunter.esm
Position: -45.88245, 21.71281, 36.658485
Rotation: -1.4021748, 1.0306505, 2.810626
