MutagenObjectType: PlacedObject
FormKey: 00193D:CoraCoeMultiversalBookHunter.esm
Base: 0714BF:Starfield.esm
Layer: 001DC5:CoraCoeMultiversalBookHunter.esm
Position: -40.98006, 19.857834, 37.062958
Rotation: 0.27280304, 0.22316915, 3.8594546
