MutagenObjectType: PlacedObject
FormKey: 00199F:CoraCoeMultiversalBookHunter.esm
Base: 024314:Starfield.esm
Layer: 001DC3:CoraCoeMultiversalBookHunter.esm
Position: -34.219852, 29.860828, 18.628065
Rotation: 1.5705867, -0.6328527, 4.7012568
