MutagenObjectType: PlacedObject
FormKey: 001903:CoraCoeMultiversalBookHunter.esm
Base: 2835A5:Starfield.esm
Layer: 1681B4:Starfield.esm
Position: -55.527626, 16.731998, 37.196194
Rotation: -5.395044E-14, 1.7879065E-14, 1.1200081
