MutagenObjectType: PlacedObject
FormKey: 00198D:CoraCoeMultiversalBookHunter.esm
Base: 161616:Starfield.esm
Layer: 001DC3:CoraCoeMultiversalBookHunter.esm
Position: -80.74251, -40.393196, 17.59505
Rotation: 0.18656543, 0.23491222, 0.043903794
