MutagenObjectType: PlacedObject
FormKey: 001900:CoraCoeMultiversalBookHunter.esm
Base: 2835AC:Starfield.esm
Layer: 1681B4:Starfield.esm
Position: -30.393581, 29.284498, 19.332138
Rotation: -0, -0, 4.712389
