MutagenObjectType: PlacedObject
FormKey: 001994:CoraCoeMultiversalBookHunter.esm
Base: 1339B3:Starfield.esm
Layer: 001DC5:CoraCoeMultiversalBookHunter.esm
Position: -16.053173, 51.531284, 17.342482
Rotation: -0.018999783, -0.16189016, 6.268641
