MutagenObjectType: PlacedObject
FormKey: 00190C:CoraCoeMultiversalBookHunter.esm
Base: 029AE3:Starfield.esm
Layer: 001DC5:CoraCoeMultiversalBookHunter.esm
Position: -51.300777, -28.869587, 17.66441
Rotation: -0.02123198, 0.26960194, 5.043829
