MutagenObjectType: PlacedObject
FormKey: 001901:CoraCoeMultiversalBookHunter.esm
Base: 2835AA:Starfield.esm
Layer: 1681B4:Starfield.esm
Position: -55.34622, -30.267845, 16.599403
Rotation: 0.0063727954, -0.057227172, 6.282821
