MutagenObjectType: PlacedObject
FormKey: 001902:CoraCoeMultiversalBookHunter.esm
Base: 2835A3:Starfield.esm
Layer: 1681B4:Starfield.esm
Position: -32.642437, 51.185043, 17.737303
Rotation: -5.6835796E-14, 4.3706895E-19, 8.045549E-06
