MutagenObjectType: PlacedObject
FormKey: 0019BD:CoraCoeMultiversalBookHunter.esm
Base: 17E01A:Starfield.esm
Layer: 001DC3:CoraCoeMultiversalBookHunter.esm
Position: -29.26117, 30.172508, 36.65944
Rotation: 0.0779766, 0.036569305, 4.712389
