MutagenObjectType: PlacedObject
FormKey: 0019BF:CoraCoeMultiversalBookHunter.esm
Base: 016B83:Starfield.esm
Layer: 001DC3:CoraCoeMultiversalBookHunter.esm
Position: -70.02384, 34.283756, 38.59531
Rotation: 0.15894146, -0.12881431, 5.6610756
