MutagenObjectType: PlacedObject
FormKey: 0019D9:CoraCoeMultiversalBookHunter.esm
Base: 1CCF46:Starfield.esm
Layer: 001DC7:CoraCoeMultiversalBookHunter.esm
Position: -43.561848, 44.451714, 14.85307
Rotation: -0.06371723, 0.3225686, 6.2629623
