MutagenObjectType: PlacedObject
FormKey: 00199D:CoraCoeMultiversalBookHunter.esm
Base: 12F2D9:Starfield.esm
Layer: 001DC5:CoraCoeMultiversalBookHunter.esm
Scale: 0.34
Position: -34.622353, 35.00616, 18.525894
Rotation: 0.017087402, -0.08288596, 5.756904
