MutagenObjectType: PlacedObject
FormKey: 0019D4:CoraCoeMultiversalBookHunter.esm
Base: 016758:Starfield.esm
RagdollData:
- Unused: 0xABABAB
  Position: -0.027866364, 0.26702118, -0.037484527
  Rotation: 1.7878966E-07, 6.4075005E-07, -7.1515984E-07
Layer: 001DC7:CoraCoeMultiversalBookHunter.esm
Position: -47.59223, -20.447498, 30.078735
Rotation: 0.06952293, -0.09598374, 6.276512
