MutagenObjectType: PlacedObject
FormKey: 00197C:CoraCoeMultiversalBookHunter.esm
Base: 2A324D:Starfield.esm
Layer: 001DC3:CoraCoeMultiversalBookHunter.esm
Position: -70.02327, -43.403946, 18.463793
Rotation: 0.10253379, -0.5802006, 4.712389
