MutagenObjectType: PlacedObject
FormKey: 001995:CoraCoeMultiversalBookHunter.esm
Base: 12C589:Starfield.esm
ConstrainedDecal: 2.3032227, 1.6855698, 0.5
Layer: 001DC4:CoraCoeMultiversalBookHunter.esm
Position: -15.355099, 57.59329, 18.876284
Rotation: 2.8443508, 0.2235981, 1.5707964
