MutagenObjectType: PlacedObject
FormKey: 00190D:CoraCoeMultiversalBookHunter.esm
Base: 029AE3:Starfield.esm
Layer: 001DC5:CoraCoeMultiversalBookHunter.esm
Position: -51.73269, -29.180054, 18.374115
Rotation: 0.03130561, 0.31735182, 0.8907827
