MutagenObjectType: PlacedObject
FormKey: 0019D3:CoraCoeMultiversalBookHunter.esm
Base: 15FD76:Starfield.esm
Layer: 001DC3:CoraCoeMultiversalBookHunter.esm
Position: -61.386383, 41.30122, 38.637524
Rotation: -2.6429287E-08, 2.9723942E-08, 0
