MutagenObjectType: PlacedObject
FormKey: 001913:CoraCoeMultiversalBookHunter.esm
Base: 029AEB:Starfield.esm
Layer: 001DC5:CoraCoeMultiversalBookHunter.esm
Position: -20.183239, 61.440723, 20.12345
Rotation: -0.020295722, -0.10546577, 0.5662602
