MutagenObjectType: PlacedObject
FormKey: 001922:CoraCoeMultiversalBookHunter.esm
MajorRecordFlagsRaw: 256
StarfieldMajorRecordFlags:
- 0x100
Base: 211520:Starfield.esm
Radius: 0.09309673
Lighting:
  Fade1PlusMinus: 0.34916434
  Unknown1: 2880154539
  Unknown2: 2880154368
LightArea:
  Data: 0x00000000000000000000000000000000
Layer: 1D1DD0:Starfield.esm
LightRoundedness:
  Data: 0x0000000000000000000000000000000001ABABAB
Position: -77.89532, 9.056867, 20.068443
Rotation: 0.20580769, -0.11620069, 4.712389
