MutagenObjectType: PlacedObject
FormKey: 0019D2:CoraCoeMultiversalBookHunter.esm
Base: 15FD74:Starfield.esm
Layer: 001DC3:CoraCoeMultiversalBookHunter.esm
Position: -53.266724, 43.75041, 38.968056
Rotation: 0.101338744, -0.0016795958, 4.712389
