MutagenObjectType: PlacedObject
FormKey: 00194F:CoraCoeMultiversalBookHunter.esm
Base: 161615:Starfield.esm
Layer: 001DC3:CoraCoeMultiversalBookHunter.esm
Position: -36.3152, 41.770977, 13.705879
Rotation: 0.02938409, 0.10708624, 0.0031415075
