MutagenObjectType: PlacedObject
FormKey: 0019C7:CoraCoeMultiversalBookHunter.esm
Base: 209FF3:Starfield.esm
Layer: 001DC3:CoraCoeMultiversalBookHunter.esm
Position: -35.35323, 36.57919, 35.497826
Rotation: 0.17703983, 0.095665164, 4.112389
