MutagenObjectType: PlacedObject
FormKey: 001992:CoraCoeMultiversalBookHunter.esm
Base: 1339B7:Starfield.esm
Layer: 001DC5:CoraCoeMultiversalBookHunter.esm
Position: -12.409427, 57.103554, 18.297266
Rotation: -0.013591238, 0.43585047, 6.277447
