MutagenObjectType: PlacedObject
FormKey: 001970:CoraCoeMultiversalBookHunter.esm
Base: 20B985:Starfield.esm
Layer: 001DC7:CoraCoeMultiversalBookHunter.esm
Position: -63.257336, -20.82384, 17.23665
Rotation: 0.008870445, 0.030688459, 0.00027218464
