MutagenObjectType: PlacedObject
FormKey: 00191B:CoraCoeMultiversalBookHunter.esm
MajorRecordFlagsRaw: 256
StarfieldMajorRecordFlags:
- 0x100
Base: 12122C:Starfield.esm
Radius: 9.95429
Lighting:
  Fade1PlusMinus: 0.15853362
  Unknown1: 2880154539
  Unknown2: 2880154368
LightArea:
  Data: 0x00000000000000000000000000000000
LightVolumetricData: 18
Layer: 1E9BFB:Starfield.esm
LightRoundedness:
  Data: 0x0000000000000000000000000000000001ABABAB
Position: -27.605536, 34.538097, 20.677841
