MutagenObjectType: PlacedObject
FormKey: 001971:CoraCoeMultiversalBookHunter.esm
Base: 1CC4A7:Starfield.esm
Layer: 001DC7:CoraCoeMultiversalBookHunter.esm
Position: -66.44332, -27.43334, 16.631256
Rotation: -0.0048956033, 0.090691775, 6.082742
