MutagenObjectType: PlacedObject
FormKey: 0019D1:CoraCoeMultiversalBookHunter.esm
Base: 2AC95E:Starfield.esm
Layer: 001DC3:CoraCoeMultiversalBookHunter.esm
Position: -48.027157, 41.38867, 38.511326
Rotation: -0.04966711, -0.15639801, 0.007742368
