MutagenObjectType: PlacedObject
FormKey: 0019BE:CoraCoeMultiversalBookHunter.esm
Base: 17CDCC:Starfield.esm
Layer: 001DC3:CoraCoeMultiversalBookHunter.esm
Position: -40.48826, 22.381361, 36.69583
Rotation: -0.7708583, 0.47448394, 4.712389
