MutagenObjectType: PlacedObject
FormKey: 0019C2:CoraCoeMultiversalBookHunter.esm
Base: 3CC32C:Starfield.esm
Layer: 001DC7:CoraCoeMultiversalBookHunter.esm
Position: -56.310932, 19.244402, 37.01495
Rotation: 0.19132459, -0.00029240476, 5.808251
