MutagenObjectType: PlacedObject
FormKey: 00193A:CoraCoeMultiversalBookHunter.esm
Base: 071471:Starfield.esm
Layer: 001DC5:CoraCoeMultiversalBookHunter.esm
Position: -90.60827, 14.332249, 36.95235
Rotation: -0.06413019, -0.0044736187, 2.3459053
