MutagenObjectType: PlacedObject
FormKey: 00196F:CoraCoeMultiversalBookHunter.esm
Base: 209FF0:Starfield.esm
Layer: 001DC7:CoraCoeMultiversalBookHunter.esm
Position: -60.67658, -21.319527, 16.253588
Rotation: 0.0042447075, -0.16136983, 6.2825036
