MutagenObjectType: PlacedObject
FormKey: 001964:CoraCoeMultiversalBookHunter.esm
Base: 075B8D:Starfield.esm
Layer: 001DC3:CoraCoeMultiversalBookHunter.esm
Position: -44.715584, 45.823814, 16.530529
Rotation: 0.6402057, 0.6296511, 0.41336113
