MutagenObjectType: PlacedObject
FormKey: 00194E:CoraCoeMultiversalBookHunter.esm
Base: 06D99E:Starfield.esm
Layer: 001DC3:CoraCoeMultiversalBookHunter.esm
Scale: 1.54
Position: -28.180922, 42.056885, 13.429478
Rotation: -0.027142892, 0.12533173, 6.279792
