MutagenObjectType: PlacedObject
FormKey: 0019B9:CoraCoeMultiversalBookHunter.esm
Base: 1CC4A4:Starfield.esm
Layer: 001DC7:CoraCoeMultiversalBookHunter.esm
Position: -61.469376, 42.291862, 38.24582
Rotation: 0.19558464, 0.023882018, 4.590948
