MutagenObjectType: PlacedObject
FormKey: 00196C:CoraCoeMultiversalBookHunter.esm
Base: 25560E:Starfield.esm
Layer: 001DC3:CoraCoeMultiversalBookHunter.esm
Position: -56.702686, -30.514824, 16.19833
Rotation: -0.19877881, 0.17049712, 4.712389
