MutagenObjectType: PlacedObject
FormKey: 001976:CoraCoeMultiversalBookHunter.esm
Base: 18B549:Starfield.esm
Layer: 001DC7:CoraCoeMultiversalBookHunter.esm
Position: -88.03921, -5.3534036, 16.413319
Rotation: 0.052746918, -0.095795915, 6.278136
