MutagenObjectType: PlacedObject
FormKey: 001982:CoraCoeMultiversalBookHunter.esm
Base: 000061:Starfield.esm
SourcePackIn: 086F75:Starfield.esm
Layer: 001DC3:CoraCoeMultiversalBookHunter.esm
Position: -76.22338, -29.019691, 15.616368
Rotation: 0.3994278, -0.4355567, 4.188197
