MutagenObjectType: PlacedObject
FormKey: 001908:CoraCoeMultiversalBookHunter.esm
Base: 161B6C:Starfield.esm
Position: -9.955233, -20.611965, 33.317055
Rotation: -0.11352037, 0.068264425, 0.8590918
