MutagenObjectType: PlacedObject
FormKey: 0019D8:CoraCoeMultiversalBookHunter.esm
Base: 1CCF46:Starfield.esm
Layer: 001DC7:CoraCoeMultiversalBookHunter.esm
Position: -44.8505, 42.70792, 15.054462
Rotation: -0.2737609, 0.033965662, 3.912389
