MutagenObjectType: PlacedObject
FormKey: 001909:CoraCoeMultiversalBookHunter.esm
Base: 161B6C:Starfield.esm
Position: -18.578957, -6.662107, 36.0139
Rotation: -0.087101966, 0.08596741, 6.030815
