MutagenObjectType: PlacedObject
FormKey: 001984:CoraCoeMultiversalBookHunter.esm
Base: 161615:Starfield.esm
SourcePackIn: 086F75:Starfield.esm
Layer: 001DC3:CoraCoeMultiversalBookHunter.esm
Position: -75.912445, -30.001904, 15.758624
Rotation: 0.06323068, 0.038015723, 6.268192
