MutagenObjectType: PlacedObject
FormKey: 0019B7:CoraCoeMultiversalBookHunter.esm
Base: 092B0B:Starfield.esm
Layer: 001DC3:CoraCoeMultiversalBookHunter.esm
Scale: 1.8499999
Position: -48.82445, 40.33253, 38.452957
Rotation: -0.0136543065, -0.14421335, 0.0019624336
