MutagenObjectType: PlacedObject
FormKey: 00194D:CoraCoeMultiversalBookHunter.esm
Base: 06D99E:Starfield.esm
Layer: 001DC3:CoraCoeMultiversalBookHunter.esm
Scale: 1.54
Position: -36.799625, 42.002213, 13.296879
Rotation: 0.01615306, 0.09335571, 0.0015059194
