MutagenObjectType: PlacedObject
FormKey: 0019C6:CoraCoeMultiversalBookHunter.esm
Base: 209FF4:Starfield.esm
Layer: 001DC3:CoraCoeMultiversalBookHunter.esm
Position: -35.363327, 36.406395, 35.528202
Rotation: 0.17704, 0.09566512, 4.712389
