MutagenObjectType: PlacedObject
FormKey: 001978:CoraCoeMultiversalBookHunter.esm
Base: 278F77:Starfield.esm
Layer: 001DC7:CoraCoeMultiversalBookHunter.esm
Position: -64.21792, 17.128435, 29.191153
Rotation: 0.07657666, -0.3713027, 6.2553544
