MutagenObjectType: PlacedObject
FormKey: 001973:CoraCoeMultiversalBookHunter.esm
Base: 1CCF46:Starfield.esm
Layer: 001DC3:CoraCoeMultiversalBookHunter.esm
Position: -62.331924, -28.433607, 16.070314
Rotation: 0.10111296, 0.08563873, 4.712389
