MutagenObjectType: PlacedObject
FormKey: 0019B8:CoraCoeMultiversalBookHunter.esm
Base: 092B0B:Starfield.esm
Layer: 001DC3:CoraCoeMultiversalBookHunter.esm
Scale: 1.8499999
Position: -53.704346, 48.635227, 38.49839
Rotation: -0.054789044, 0.21002369, 6.271752
