MutagenObjectType: PlacedObject
FormKey: 001974:CoraCoeMultiversalBookHunter.esm
Base: 1CCF46:Starfield.esm
Layer: 001DC7:CoraCoeMultiversalBookHunter.esm
Position: -67.32432, -34.320435, 17.04948
Rotation: 0.0018958447, -0.13653505, 6.2829275
