MutagenObjectType: PlacedObject
FormKey: 001A56:CoraCoeMultiversalBookHunter.esm
Base: 224973:Starfield.esm
Layer: 001DC5:CoraCoeMultiversalBookHunter.esm
Position: -40.21965, 70.7806, 27.966919
Rotation: -0.055340447, -0.057080105, 5.8416834
