MutagenObjectType: PlacedObject
FormKey: 001AD3:CoraCoeMultiversalBookHunter.esm
MajorRecordFlagsRaw: 256
StarfieldMajorRecordFlags:
- 0x100
Base: 211520:Starfield.esm
Radius: 13.88409
Lighting:
  Fade1PlusMinus: 0.60876
  Unknown1: 2880154539
  Unknown2: 2880154368
LightArea:
  Data: 0x00000000000000000000000000000000
Layer: 1E9BFB:Starfield.esm
LightRoundedness:
  Data: 0x0000000000000000000000000000000001ABABAB
Position: -56.26844, 28.57291, 27.231108
Rotation: 0.20580769, -0.11620069, 4.712389
