MutagenObjectType: PlacedObject
FormKey: 001AD8:CoraCoeMultiversalBookHunter.esm
Base: 012366:Starfield.esm
Layer: 001DC5:CoraCoeMultiversalBookHunter.esm
Position: -68.838615, -18.748587, 16.104702
Rotation: -0.18343198, -0.14944181, 5.7479744
