MutagenObjectType: PlacedObject
FormKey: 001A85:CoraCoeMultiversalBookHunter.esm
Base: 224972:Starfield.esm
Layer: 001DC5:CoraCoeMultiversalBookHunter.esm
Position: -79.0077, 7.700746, 38.093975
Rotation: -0.16850461, 0.044653937, 0.6554169
