MutagenObjectType: PlacedObject
FormKey: 001AB0:CoraCoeMultiversalBookHunter.esm
Base: 2D011B:Starfield.esm
Layer: 001DC5:CoraCoeMultiversalBookHunter.esm
Position: -36.54658, -24.690231, 27.303455
Rotation: -0.24549834, 0.13396974, 6.2227592
