MutagenObjectType: PlacedObject
FormKey: 001A17:CoraCoeMultiversalBookHunter.esm
Base: 224972:Starfield.esm
Layer: 001DC5:CoraCoeMultiversalBookHunter.esm
Position: -70.21267, 14.134996, 13.1796875
Rotation: 0.099278316, -0.013126497, 0.68552744
