MutagenObjectType: PlacedObject
FormKey: 001A68:CoraCoeMultiversalBookHunter.esm
Base: 224975:Starfield.esm
Layer: 001DC5:CoraCoeMultiversalBookHunter.esm
Position: -39.256744, 67.82292, 28.882153
Rotation: 0.037259787, -0.081778064, 4.309444
