MutagenObjectType: PlacedObject
FormKey: 001A86:CoraCoeMultiversalBookHunter.esm
Base: 224975:Starfield.esm
Layer: 001DC5:CoraCoeMultiversalBookHunter.esm
Position: -73.72696, 2.8307607, 37.223083
Rotation: -0.22588913, -0.0591161, 0.87561053
