MutagenObjectType: PlacedObject
FormKey: 001A8B:CoraCoeMultiversalBookHunter.esm
Base: 22496F:Starfield.esm
Layer: 001DC5:CoraCoeMultiversalBookHunter.esm
Position: -16.78619, 59.00232, 18.93779
Rotation: -0.28879312, -0.20011425, 1.0670459
