MutagenObjectType: PlacedObject
FormKey: 001AA3:CoraCoeMultiversalBookHunter.esm
Base: 22496F:Starfield.esm
Layer: 001DC5:CoraCoeMultiversalBookHunter.esm
Position: -88.863785, -38.809803, 15.838501
Rotation: 0.032982998, -0.0010556463, 2.1319778
