MutagenObjectType: PlacedObject
FormKey: 001A67:CoraCoeMultiversalBookHunter.esm
Base: 224975:Starfield.esm
Layer: 001DC5:CoraCoeMultiversalBookHunter.esm
Position: -34.466164, 72.14813, 28.219385
Rotation: -0.17984405, -0.10544818, 4.981265
