MutagenObjectType: PlacedObject
FormKey: 001A8D:CoraCoeMultiversalBookHunter.esm
Base: 22496F:Starfield.esm
Layer: 001DC5:CoraCoeMultiversalBookHunter.esm
Position: -89.67093, -5.3743544, 15.772644
Rotation: 0.038987633, -0.05756527, 4.9828696
