MutagenObjectType: PlacedObject
FormKey: 001A9F:CoraCoeMultiversalBookHunter.esm
Base: 22496F:Starfield.esm
Layer: 001DC5:CoraCoeMultiversalBookHunter.esm
Position: -68.3881, -40.96356, 17.87999
Rotation: 0.20281677, 0.08940413, 5.5767007
