MutagenObjectType: PlacedObject
FormKey: 001AE0:CoraCoeMultiversalBookHunter.esm
Base: 22496F:Starfield.esm
Layer: 001DC5:CoraCoeMultiversalBookHunter.esm
Position: -37.00723, 29.036928, 36.190125
Rotation: 0.06613877, 0.0136587275, 5.700858
