MutagenObjectType: PlacedObject
FormKey: 001A16:CoraCoeMultiversalBookHunter.esm
Base: 22496F:Starfield.esm
Layer: 001DC5:CoraCoeMultiversalBookHunter.esm
Position: -74.248245, 8.531518, 13.6636505
Rotation: 0.16285872, -0.06497787, 6.0232286
