MutagenObjectType: PlacedObject
FormKey: 001A90:CoraCoeMultiversalBookHunter.esm
Base: 224975:Starfield.esm
Layer: 001DC5:CoraCoeMultiversalBookHunter.esm
Position: -87.331085, -13.536506, 16.622406
Rotation: 0.058815807, 0.0885258, 4.977221
