MutagenObjectType: PlacedObject
FormKey: 001AF7:CoraCoeMultiversalBookHunter.esm
Base: 06F39D:Starfield.esm
Layer: 001DC5:CoraCoeMultiversalBookHunter.esm
Scale: 0.90999997
Position: -71.97744, 8.042724, 38.521736
Rotation: -0.27882603, -0.027733415, 0.3966262
