MutagenObjectType: PlacedObject
FormKey: 001A54:CoraCoeMultiversalBookHunter.esm
Base: 22496F:Starfield.esm
Layer: 001DC5:CoraCoeMultiversalBookHunter.esm
Position: -25.928331, 67.31589, 24.130077
Rotation: -0.38482055, -0.49822527, 4.152486
