MutagenObjectType: PlacedObject
FormKey: 001AFE:CoraCoeMultiversalBookHunter.esm
Base: 012368:Starfield.esm
Layer: 001DC5:CoraCoeMultiversalBookHunter.esm
Position: -46.73507, 46.893818, 29.71172
Rotation: -0.036903083, -0.036082886, 4.479271
