MutagenObjectType: PlacedObject
FormKey: 001AD7:CoraCoeMultiversalBookHunter.esm
Base: 012366:Starfield.esm
Layer: 001DC5:CoraCoeMultiversalBookHunter.esm
Position: -68.27571, -19.76922, 15.901331
Rotation: -0.045412235, -0.119726755, 0.013654174
