MutagenObjectType: PlacedObject
FormKey: 001AFD:CoraCoeMultiversalBookHunter.esm
Base: 2F0639:Starfield.esm
Layer: 001DC5:CoraCoeMultiversalBookHunter.esm
Position: -44.560184, 66.229645, 29.263508
Rotation: 0.06308229, 0.00029788574, 2.1765668
