MutagenObjectType: PlacedObject
FormKey: 001AD6:CoraCoeMultiversalBookHunter.esm
Base: 016B82:Starfield.esm
Layer: 001DC3:CoraCoeMultiversalBookHunter.esm
Position: -67.76269, -25.62469, 15.768415
Rotation: 0.078234665, 0.053533833, 0.6197967
