MutagenObjectType: PlacedObject
FormKey: 001AE2:CoraCoeMultiversalBookHunter.esm
Base: 1BF52D:Starfield.esm
Layer: 001DC3:CoraCoeMultiversalBookHunter.esm
Position: -58.343834, 41.531517, 38.146027
Rotation: -2.6432847E-08, 2.9723951E-08, 0.50000006
