MutagenObjectType: PlacedObject
FormKey: 001AFF:CoraCoeMultiversalBookHunter.esm
Base: 012368:Starfield.esm
Layer: 001DC5:CoraCoeMultiversalBookHunter.esm
Position: -41.335823, 56.079308, 29.689064
Rotation: 0.0860962, -0.3337034, 4.448756
