MutagenObjectType: PlacedObject
FormKey: 001AF0:CoraCoeMultiversalBookHunter.esm
Base: 06F39E:Starfield.esm
Layer: 001DC5:CoraCoeMultiversalBookHunter.esm
Position: -46.57519, 53.023403, 31.219347
Rotation: 0.17040358, -0.20263769, 1.5127819
