MutagenObjectType: PlacedObject
FormKey: 001ADC:CoraCoeMultiversalBookHunter.esm
Base: 224972:Starfield.esm
Layer: 001DC5:CoraCoeMultiversalBookHunter.esm
Position: -52.266533, 46.31293, 38.37247
Rotation: -0.117964305, 0.034650277, 5.538398
