MutagenObjectType: PlacedObject
FormKey: 001A4B:CoraCoeMultiversalBookHunter.esm
Base: 22496F:Starfield.esm
Layer: 001DC5:CoraCoeMultiversalBookHunter.esm
Position: -15.706141, 43.19383, 15.911035
Rotation: -0.27824667, 0.23973519, 2.2050233
