MutagenObjectType: PlacedObject
FormKey: 001AD9:CoraCoeMultiversalBookHunter.esm
Base: 192E58:Starfield.esm
Layer: 001DC3:CoraCoeMultiversalBookHunter.esm
Scale: 0.95
Position: -61.91945, -19.565046, 17.120644
Rotation: -3.0964308, -1.3883947, 0.0005616452
