MutagenObjectType: PlacedObject
FormKey: 001ADF:CoraCoeMultiversalBookHunter.esm
Base: 06CC9F:Starfield.esm
Layer: 001DC3:CoraCoeMultiversalBookHunter.esm
Position: -44.997128, 45.49842, 15.351655
Rotation: -1.9209297, -0.42296878, 3.3231204
