MutagenObjectType: PlacedObject
FormKey: 001A66:CoraCoeMultiversalBookHunter.esm
Base: 224975:Starfield.esm
Layer: 001DC5:CoraCoeMultiversalBookHunter.esm
Position: -14.210953, 51.930573, 17.496887
Rotation: -0.03245854, -0.052738275, 6.101661
