MutagenObjectType: PlacedObject
FormKey: 001AA9:CoraCoeMultiversalBookHunter.esm
Base: 224973:Starfield.esm
Layer: 001DC5:CoraCoeMultiversalBookHunter.esm
Position: -64.89346, -41.920246, 17.182526
Rotation: 0.02765289, 0.07599217, 5.1955953
