MutagenObjectType: PlacedObject
FormKey: 001A64:CoraCoeMultiversalBookHunter.esm
Base: 224973:Starfield.esm
Layer: 001DC5:CoraCoeMultiversalBookHunter.esm
Position: -45.265175, 63.29997, 29.580492
Rotation: 0.088003345, -0.0442553, 2.0636187
