MutagenObjectType: PlacedObject
FormKey: 001ACF:CoraCoeMultiversalBookHunter.esm
Base: 224973:Starfield.esm
Layer: 001DC5:CoraCoeMultiversalBookHunter.esm
Position: -39.892513, 52.35762, 18.5206
Rotation: -0.12491064, -0.16218747, 1.7728475
