MutagenObjectType: PlacedObject
FormKey: 001A57:CoraCoeMultiversalBookHunter.esm
Base: 224973:Starfield.esm
Layer: 001DC5:CoraCoeMultiversalBookHunter.esm
Position: -46.96409, 58.58406, 28.545837
Rotation: 0.027629586, 0.028520253, 0.26918566
