MutagenObjectType: PlacedObject
FormKey: 001ADB:CoraCoeMultiversalBookHunter.esm
Base: 1E1BED:Starfield.esm
Layer: 001DC3:CoraCoeMultiversalBookHunter.esm
Position: -55.73431, -22.434044, 16.586359
Rotation: 0.011844398, -0.03064522, 0.80737895
