MutagenObjectType: PlacedObject
FormKey: 001AF5:CoraCoeMultiversalBookHunter.esm
Base: 06F39D:Starfield.esm
Layer: 001DC5:CoraCoeMultiversalBookHunter.esm
Scale: 0.90999997
Position: -69.73193, 5.988016, 38.162052
Rotation: -0.3225377, 0.018488573, 3.8112617
