MutagenObjectType: PlacedObject
FormKey: 001AF4:CoraCoeMultiversalBookHunter.esm
Base: 06F39D:Starfield.esm
Layer: 001DC5:CoraCoeMultiversalBookHunter.esm
Scale: 0.90999997
Position: -66.25227, 2.3140824, 36.600887
Rotation: -0.4739409, -0.024738152, 2.9065964
