MutagenObjectType: PlacedObject
FormKey: 001AF3:CoraCoeMultiversalBookHunter.esm
Base: 029AD7:Starfield.esm
Layer: 001DC5:CoraCoeMultiversalBookHunter.esm
Scale: 1.1899999
Position: -68.259415, 6.8075523, 44.49533
Rotation: 2.2949314, 0.96102643, 1.7074087
