MutagenObjectType: PlacedObject
FormKey: 001A25:CoraCoeMultiversalBookHunter.esm
Base: 22496F:Starfield.esm
Layer: 001DC5:CoraCoeMultiversalBookHunter.esm
Position: -52.08619, -7.1511207, 30.958374
Rotation: -0.05976547, -0.01486673, 3.6089191
