MutagenObjectType: PlacedObject
FormKey: 001AE6:CoraCoeMultiversalBookHunter.esm
Base: 05C64A:Starfield.esm
Layer: 001DC3:CoraCoeMultiversalBookHunter.esm
Position: -45.56777, 21.69931, 36.216244
Rotation: 0.118548825, -0.030714788, 2.4765995
