MutagenObjectType: PlacedObject
FormKey: 001A30:CoraCoeMultiversalBookHunter.esm
Base: 224975:Starfield.esm
Layer: 001DC5:CoraCoeMultiversalBookHunter.esm
Position: -54.4666, 47.383522, 38.34378
Rotation: -0.023738572, 0.035637826, 5.5416956
