MutagenObjectType: PlacedObject
FormKey: 001A46:CoraCoeMultiversalBookHunter.esm
Base: 06F3A2:Starfield.esm
Layer: 001DC5:CoraCoeMultiversalBookHunter.esm
Position: -9.214661, 54.076996, 16.004913
Rotation: -0.18455765, -0.18674907, 2.3561945
