MutagenObjectType: PlacedObject
FormKey: 001A55:CoraCoeMultiversalBookHunter.esm
Base: 224973:Starfield.esm
Layer: 001DC5:CoraCoeMultiversalBookHunter.esm
Position: -43.06517, 73.28224, 28.334808
Rotation: -0.0066734413, -0.042889215, 3.039539
