MutagenObjectType: PlacedObject
FormKey: 001AF1:CoraCoeMultiversalBookHunter.esm
Base: 06F39E:Starfield.esm
Layer: 001DC5:CoraCoeMultiversalBookHunter.esm
Position: -46.324177, 50.301186, 31.203089
Rotation: -0.12573868, -0.28513896, 4.6506267
