MutagenObjectType: PlacedObject
FormKey: 001AD1:CoraCoeMultiversalBookHunter.esm
MajorRecordFlagsRaw: 256
StarfieldMajorRecordFlags:
- 0x100
Base: 211520:Starfield.esm
Radius: 33.929718
LightArea:
  Data: 0x00000000000000000000000000000000
Layer: 1D1DD0:Starfield.esm
LightRoundedness:
  Data: 0x0000000000000000000000000000000001ABABAB
Position: -62.647537, -36.082752, 15.213623
