MutagenObjectType: PlacedObject
FormKey: 001AF6:CoraCoeMultiversalBookHunter.esm
Base: 012381:Starfield.esm
Layer: 001DC3:CoraCoeMultiversalBookHunter.esm
Scale: 1.54
Position: -69.267395, 2.8594768, 37.20845
Rotation: -0.29720226, 0.06256914, 4.712389
