MutagenObjectType: PlacedObject
FormKey: 001A0E:CoraCoeMultiversalBookHunter.esm
Base: 22496F:Starfield.esm
Layer: 001DC5:CoraCoeMultiversalBookHunter.esm
Position: -43.606064, 26.34641, 35.864197
Rotation: 0.06336696, 0.0546751, 3.2232368
