MutagenObjectType: PlacedObject
FormKey: 001A81:CoraCoeMultiversalBookHunter.esm
Base: 224975:Starfield.esm
Layer: 001DC5:CoraCoeMultiversalBookHunter.esm
Position: -29.657856, 31.478767, 18.327484
Rotation: -0.023427483, 0.027554942, 5.8147902
