MutagenObjectType: PlacedObject
FormKey: 001AE5:CoraCoeMultiversalBookHunter.esm
Base: 0169C3:Starfield.esm
Layer: 001DC3:CoraCoeMultiversalBookHunter.esm
Position: -45.756405, 21.443773, 36.75627
Rotation: 0.11854912, -0.03071439, 2.5916011
