MutagenObjectType: PlacedObject
FormKey: 001AF2:CoraCoeMultiversalBookHunter.esm
Base: 029AE3:Starfield.esm
Layer: 001DC5:CoraCoeMultiversalBookHunter.esm
Scale: 1.1899999
Position: -64.99126, 9.027814, 43.540318
Rotation: -2.9567578, -0.20050688, 4.6319685
