MutagenObjectType: PlacedObject
FormKey: 001BD0:CoraCoeMultiversalBookHunter.esm
Base: 00B432:Starfield.esm
Layer: 001DC5:CoraCoeMultiversalBookHunter.esm
Scale: 0.21
Position: -71.49035, -27.667055, 16.12221
Rotation: 2.9502437, -0.07857811, 5.7045135
