MutagenObjectType: PlacedObject
FormKey: 001BFA:CoraCoeMultiversalBookHunter.esm
Base: 16161B:Starfield.esm
Layer: 001DC3:CoraCoeMultiversalBookHunter.esm
Position: -35.404427, 44.745285, 13.79754
Rotation: 0.26845658, 0.056463692, 0.14955668
