MutagenObjectType: PlacedObject
FormKey: 001B88:CoraCoeMultiversalBookHunter.esm
Base: 00B432:Starfield.esm
Layer: 001DC5:CoraCoeMultiversalBookHunter.esm
Scale: 0.21
Position: -78.36142, -23.598747, 15.277872
Rotation: -0.193043, 0.12679636, 2.8999999
