MutagenObjectType: PlacedObject
FormKey: 001BEC:CoraCoeMultiversalBookHunter.esm
Base: 0063B0:Starfield.esm
Layer: 001DC7:CoraCoeMultiversalBookHunter.esm
Position: -56.545486, 42.569355, 38.146027
Rotation: -2.6432884E-08, 2.9723992E-08, 4.8821855
