MutagenObjectType: PlacedObject
FormKey: 001B5B:CoraCoeMultiversalBookHunter.esm
Base: 00B432:Starfield.esm
Layer: 001DC5:CoraCoeMultiversalBookHunter.esm
Scale: 0.21
Position: -69.7985, -33.79689, 15.702408
Rotation: 0.27479583, 0.11147352, 4.712389
