MutagenObjectType: PlacedObject
FormKey: 001BCC:CoraCoeMultiversalBookHunter.esm
Base: 2F063A:Starfield.esm
Layer: 001DC5:CoraCoeMultiversalBookHunter.esm
Scale: 0.71
Position: -76.323845, -33.704945, 15.882733
Rotation: 0.11866167, 0.06958428, 0.6632637
