MutagenObjectType: PlacedObject
FormKey: 001B28:CoraCoeMultiversalBookHunter.esm
Base: 2A3249:Starfield.esm
Layer: 001DC3:CoraCoeMultiversalBookHunter.esm
Position: -47.360146, 26.504776, 36.07242
Rotation: 0.017768694, -0.066598065, 4.688418
