MutagenObjectType: PlacedObject
FormKey: 001B09:CoraCoeMultiversalBookHunter.esm
Base: 248BF0:Starfield.esm
Layer: 001DC3:CoraCoeMultiversalBookHunter.esm
Position: -81.8377, -1.6886028, 22.025017
Rotation: -0.28864774, 0.15647669, 1.5828648
