MutagenObjectType: PlacedObject
FormKey: 001BE9:CoraCoeMultiversalBookHunter.esm
Base: 1CCF45:Starfield.esm
Layer: 001DC7:CoraCoeMultiversalBookHunter.esm
Position: -52.87312, 44.38935, 38.94871
Rotation: 0.055918902, -0.056658197, 0.19783044
