MutagenObjectType: PlacedObject
FormKey: 001B0A:CoraCoeMultiversalBookHunter.esm
Base: 248BF5:Starfield.esm
Layer: 001DC3:CoraCoeMultiversalBookHunter.esm
Position: -76.50247, 5.519868, 21.536308
Rotation: 0.3242795, -0.22164251, 3.7207773
