MutagenObjectType: PlacedObject
FormKey: 001BA5:CoraCoeMultiversalBookHunter.esm
Base: 012368:Starfield.esm
Layer: 001DC5:CoraCoeMultiversalBookHunter.esm
Position: -51.345795, -41.153595, 21.48442
Rotation: -0.36957833, 0.4221303, 6.125804
