MutagenObjectType: PlacedObject
FormKey: 001B31:CoraCoeMultiversalBookHunter.esm
Base: 06D99E:Starfield.esm
Layer: 001DC3:CoraCoeMultiversalBookHunter.esm
Scale: 0.69
Position: -34.098915, 32.537777, 18.45805
Rotation: 0.0028683753, -0.17783017, 6.282678
