MutagenObjectType: PlacedObject
FormKey: 001B8F:CoraCoeMultiversalBookHunter.esm
Base: 029AE7:Starfield.esm
Layer: 001DC5:CoraCoeMultiversalBookHunter.esm
Scale: 0.21
Position: -67.52872, -38.060883, 17.015837
Rotation: 0.3084708, 0.04644794, 1.1732892E-07
