MutagenObjectType: PlacedObject
FormKey: 001B82:CoraCoeMultiversalBookHunter.esm
Base: 00B432:Starfield.esm
Layer: 001DC5:CoraCoeMultiversalBookHunter.esm
Scale: 0.44
Position: -72.56501, -24.85001, 14.64175
Rotation: 0.017954553, 0.11436755, 4.3728456
