MutagenObjectType: PlacedObject
FormKey: 001B05:CoraCoeMultiversalBookHunter.esm
Base: 06D99D:Starfield.esm
Layer: 001DC3:CoraCoeMultiversalBookHunter.esm
Scale: 0.68
Position: -67.74159, 14.124699, 12.748715
Rotation: 0.050305232, 0.19926885, 0.009966065
