MutagenObjectType: PlacedObject
FormKey: 001B02:CoraCoeMultiversalBookHunter.esm
Base: 06D994:Starfield.esm
Layer: 001DC3:CoraCoeMultiversalBookHunter.esm
Scale: 0.68
Position: -82.076225, 7.7760696, 19.189829
Rotation: -0.8034335, 0.0007295311, 4.712389
