MutagenObjectType: PlacedObject
FormKey: 001BA9:CoraCoeMultiversalBookHunter.esm
Base: 248BF6:Starfield.esm
Layer: 001DC3:CoraCoeMultiversalBookHunter.esm
Position: -45.478924, -42.20914, 30.201712
Rotation: 2.0997705, -0.37751532, 4.712389
