MutagenObjectType: PlacedObject
FormKey: 001B84:CoraCoeMultiversalBookHunter.esm
Base: 00B432:Starfield.esm
Layer: 001DC5:CoraCoeMultiversalBookHunter.esm
Scale: 0.21
Position: -73.10481, -27.940784, 15.196521
Rotation: 0.027019171, -0.004052657, 1.1917878E-07
