MutagenObjectType: PlacedObject
FormKey: 001BF8:CoraCoeMultiversalBookHunter.esm
Base: 16161B:Starfield.esm
Layer: 001DC3:CoraCoeMultiversalBookHunter.esm
Position: -35.097343, 44.700882, 13.87955
Rotation: -1.4706023, -0.6247626, 3.2045646
