MutagenObjectType: PlacedObject
FormKey: 001B5A:CoraCoeMultiversalBookHunter.esm
Base: 00B431:Starfield.esm
Layer: 001DC5:CoraCoeMultiversalBookHunter.esm
Scale: 0.21
Position: -71.10848, -34.52465, 15.498785
Rotation: 0.15440294, 0.029309062, 4.712389
