MutagenObjectType: PlacedObject
FormKey: 001B01:CoraCoeMultiversalBookHunter.esm
Base: 06D99E:Starfield.esm
Layer: 001DC3:CoraCoeMultiversalBookHunter.esm
Scale: 0.96999997
Position: -81.00156, 0.3891859, 14.73247
Rotation: 0.16564064, 0.18435678, 0.03063346
