MutagenObjectType: PlacedObject
FormKey: 001BE2:CoraCoeMultiversalBookHunter.esm
Base: 24F0F8:Starfield.esm
Layer: 001DC5:CoraCoeMultiversalBookHunter.esm
Scale: 1.1899999
Position: -69.80696, 20.971807, 39.589085
Rotation: -0.10114561, 0.046732042, 1.9610264
