MutagenObjectType: PlacedObject
FormKey: 001BC3:CoraCoeMultiversalBookHunter.esm
Base: 06D99E:Starfield.esm
Layer: 001DC3:CoraCoeMultiversalBookHunter.esm
Scale: 0.96999997
Position: -49.094658, -37.7597, 23.14264
Rotation: -0.24651115, 0.2174002, 4.712389
