MutagenObjectType: PlacedObject
FormKey: 001B6E:CoraCoeMultiversalBookHunter.esm
Base: 015328:Starfield.esm
Layer: 001DC3:CoraCoeMultiversalBookHunter.esm
Position: -59.099907, -32.998928, 16.621845
Rotation: 0.17406261, -0.18034138, 5.0224547
