MutagenObjectType: PlacedObject
FormKey: 001BDF:CoraCoeMultiversalBookHunter.esm
Base: 013D95:Starfield.esm
Layer: 001DC5:CoraCoeMultiversalBookHunter.esm
Scale: 1.1899999
Position: -66.042854, 19.353344, 29.134897
Rotation: 0.29465196, -0.32683095, 5.4702935
