MutagenObjectType: PlacedObject
FormKey: 001B7A:CoraCoeMultiversalBookHunter.esm
Base: 2F063A:Starfield.esm
Layer: 001DC5:CoraCoeMultiversalBookHunter.esm
Scale: 1.37
Position: -66.43498, -24.981066, 15.116142
Rotation: 0.113068774, 0.03301008, 1.1919333E-07
