MutagenObjectType: PlacedObject
FormKey: 001BC2:CoraCoeMultiversalBookHunter.esm
Base: 06D99E:Starfield.esm
Layer: 001DC3:CoraCoeMultiversalBookHunter.esm
Scale: 0.96999997
Position: -51.69794, -23.76024, 23.589628
Rotation: -0.40154663, 0.3411336, 4.712389
