MutagenObjectType: PlacedObject
FormKey: 001B57:CoraCoeMultiversalBookHunter.esm
Base: 012381:Starfield.esm
Layer: 001DC3:CoraCoeMultiversalBookHunter.esm
Position: -71.97637, -35.431183, 16.429945
Rotation: 0.1789588, 0.0016637119, 4.712389
