MutagenObjectType: PlacedObject
FormKey: 001B56:CoraCoeMultiversalBookHunter.esm
Base: 012382:Starfield.esm
Layer: 001DC3:CoraCoeMultiversalBookHunter.esm
Position: -71.58156, -34.077667, 16.205523
Rotation: 0.15718877, -0.015388277, 4.712389
