MutagenObjectType: PlacedObject
FormKey: 001B00:CoraCoeMultiversalBookHunter.esm
Base: 06D99E:Starfield.esm
Layer: 001DC3:CoraCoeMultiversalBookHunter.esm
Scale: 0.96999997
Position: -81.00252, -6.825856, 16.69217
Rotation: 0.25512433, -0.012810519, 4.712389
