MutagenObjectType: PlacedObject
FormKey: 001B58:CoraCoeMultiversalBookHunter.esm
Base: 00B432:Starfield.esm
Layer: 001DC5:CoraCoeMultiversalBookHunter.esm
Scale: 0.21
Position: -68.58128, -34.706036, 16.001242
Rotation: 0.3190448, 0.18363364, 4.712389
