MutagenObjectType: PlacedObject
FormKey: 001BB6:CoraCoeMultiversalBookHunter.esm
Base: 015329:Starfield.esm
Layer: 001DC3:CoraCoeMultiversalBookHunter.esm
Position: -61.995163, -32.103256, 16.319332
Rotation: 0.26124227, 0.10097461, 4.712389
