MutagenObjectType: PlacedObject
FormKey: 001B99:CoraCoeMultiversalBookHunter.esm
Base: 06D99E:Starfield.esm
Layer: 001DC3:CoraCoeMultiversalBookHunter.esm
Scale: 0.96999997
Position: -82.46436, -36.779167, 22.991852
Rotation: -2.893357, -0.43774316, 3.0345712
