MutagenObjectType: PlacedObject
FormKey: 001BF1:CoraCoeMultiversalBookHunter.esm
Base: 1CCF45:Starfield.esm
Layer: 001DC7:CoraCoeMultiversalBookHunter.esm
Position: -56.57317, -31.212635, 16.751966
Rotation: 0.04117144, -0.103602245, 5.0659256
