MutagenObjectType: PlacedObject
FormKey: 001B51:CoraCoeMultiversalBookHunter.esm
Base: 2514F5:Starfield.esm
Layer: 001DC7:CoraCoeMultiversalBookHunter.esm
Position: -80.547966, -38.139046, 16.722412
Rotation: -1.5707964, 0.7227964, 3.1415927
