MutagenObjectType: PlacedObject
FormKey: 001BD7:CoraCoeMultiversalBookHunter.esm
Base: 013D95:Starfield.esm
Layer: 001DC5:CoraCoeMultiversalBookHunter.esm
Scale: 1.37
Position: -58.25148, -15.732784, 18.251564
Rotation: -0.25849822, 0.21040487, 3.568744
