MutagenObjectType: PlacedObject
FormKey: 001BE1:CoraCoeMultiversalBookHunter.esm
Base: 24F0F6:Starfield.esm
Layer: 001DC5:CoraCoeMultiversalBookHunter.esm
Scale: 1.1899999
Position: -67.03638, 22.889599, 38.677193
Rotation: 0.052055925, -0.20648709, 2.0283895
