MutagenObjectType: PlacedObject
FormKey: 001BD3:CoraCoeMultiversalBookHunter.esm
Base: 24F0F8:Starfield.esm
Layer: 001DC5:CoraCoeMultiversalBookHunter.esm
Position: -41.61934, -35.2179, 25.726898
Rotation: 0.11185572, 0.11184223, 0.26325405
