MutagenObjectType: PlacedObject
FormKey: 001BBF:CoraCoeMultiversalBookHunter.esm
Base: 012383:Starfield.esm
Layer: 001DC3:CoraCoeMultiversalBookHunter.esm
Scale: 1.88
Position: -78.47978, -20.415384, 16.771038
Rotation: -0.15314184, 0.05392302, 4.712389
