MutagenObjectType: PlacedObject
FormKey: 001B8A:CoraCoeMultiversalBookHunter.esm
Base: 00B432:Starfield.esm
Layer: 001DC5:CoraCoeMultiversalBookHunter.esm
Scale: 0.75
Position: -63.81676, -22.617554, 13.029432
Rotation: -0.067339376, 0.19053891, 2.558025
