MutagenObjectType: PlacedObject
FormKey: 001B6C:CoraCoeMultiversalBookHunter.esm
Base: 0155E1:Starfield.esm
Layer: 001DC3:CoraCoeMultiversalBookHunter.esm
Position: -67.22165, -34.000683, 16.976364
Rotation: 0.0018960987, -0.13653505, 2.5403948
