MutagenObjectType: PlacedObject
FormKey: 001B9A:CoraCoeMultiversalBookHunter.esm
Base: 06D99E:Starfield.esm
Layer: 001DC3:CoraCoeMultiversalBookHunter.esm
Scale: 0.96999997
Position: -85.45109, -22.615574, 16.696957
Rotation: 0.0064558135, -0.30773157, 6.28123
