MutagenObjectType: PlacedObject
FormKey: 001B1B:CoraCoeMultiversalBookHunter.esm
Base: 012366:Starfield.esm
Layer: 001DC5:CoraCoeMultiversalBookHunter.esm
Scale: 0.45
Position: -56.78328, 28.79426, 38.414536
Rotation: -0.17411351, -0.13224857, 4.712389
