MutagenObjectType: PlacedObject
FormKey: 001BB4:CoraCoeMultiversalBookHunter.esm
XALG: 0x0100000000000000
Base: 08F030:Starfield.esm
Layer: 001DC3:CoraCoeMultiversalBookHunter.esm
Position: -63.082287, -29.553822, 16.142015
Rotation: 0.112269506, 0.072692186, 4.530314
