MutagenObjectType: PlacedObject
FormKey: 001B79:CoraCoeMultiversalBookHunter.esm
Base: 2F063A:Starfield.esm
Layer: 001DC5:CoraCoeMultiversalBookHunter.esm
Scale: 1.37
Position: -66.461395, -19.60319, 15.310529
Rotation: 0.113068774, 0.03301008, 1.1919333E-07
