MutagenObjectType: PlacedObject
FormKey: 001BF7:CoraCoeMultiversalBookHunter.esm
Base: 39C9D9:Starfield.esm
Layer: 001DC3:CoraCoeMultiversalBookHunter.esm
Position: -34.84401, 44.9779, 13.796467
Rotation: 0.012125579, -0.004716295, 4.712389
