MutagenObjectType: PlacedObject
FormKey: 001BED:CoraCoeMultiversalBookHunter.esm
Base: 1CC4AB:Starfield.esm
Layer: 001DC7:CoraCoeMultiversalBookHunter.esm
Position: -66.65157, -27.139849, 16.613754
Rotation: 0.03928353, 0.08190943, 0.50138855
