MutagenObjectType: PlacedObject
FormKey: 001BDE:CoraCoeMultiversalBookHunter.esm
Base: 2F063A:Starfield.esm
Layer: 001DC5:CoraCoeMultiversalBookHunter.esm
Scale: 1.1899999
Position: -64.29645, 18.916477, 28.169954
Rotation: 0.18696849, -0.23180652, 0.7916914
