MutagenObjectType: PlacedObject
FormKey: 001BB7:CoraCoeMultiversalBookHunter.esm
Base: 01531F:Starfield.esm
Layer: 001DC3:CoraCoeMultiversalBookHunter.esm
Position: -64.58825, -20.11186, 16.218924
Rotation: 0.080491915, 0.1860565, 0.014920659
