MutagenObjectType: PlacedObject
FormKey: 001B70:CoraCoeMultiversalBookHunter.esm
Base: 00B432:Starfield.esm
Layer: 001DC5:CoraCoeMultiversalBookHunter.esm
Scale: 0.21
Position: -66.20603, -31.682083, 15.262548
Rotation: -0.096204, 0.104682274, 1.5607135
