MutagenObjectType: PlacedObject
FormKey: 001B11:CoraCoeMultiversalBookHunter.esm
Base: 075432:Starfield.esm
Layer: 001DC3:CoraCoeMultiversalBookHunter.esm
Position: -55.54246, 29.228958, 40.922077
Rotation: 0.3552844, -1.4679321, 0.9824229
