MutagenObjectType: PlacedObject
FormKey: 001B95:CoraCoeMultiversalBookHunter.esm
Base: 06D99D:Starfield.esm
Layer: 001DC3:CoraCoeMultiversalBookHunter.esm
Scale: 0.96999997
Position: -84.79353, -15.99052, 23.539408
Rotation: -3.0940332, 0.124083005, 3.1474833
