MutagenObjectType: PlacedObject
FormKey: 001B50:CoraCoeMultiversalBookHunter.esm
Base: 012383:Starfield.esm
Layer: 001DC3:CoraCoeMultiversalBookHunter.esm
Scale: 1.31
Position: -86.15412, -37.79523, 16.40593
Rotation: 0.05213926, 0.03542703, 4.712389
