MutagenObjectType: PlacedObject
FormKey: 001B41:CoraCoeMultiversalBookHunter.esm
Base: 02F485:Starfield.esm
Layer: 001DC3:CoraCoeMultiversalBookHunter.esm
Scale: 1.4
Position: -66.65615, -34.961666, 17.018745
Rotation: 0.18956026, 0.25656155, 5.4716134
