MutagenObjectType: PlacedObject
FormKey: 001BCE:CoraCoeMultiversalBookHunter.esm
Base: 2F063A:Starfield.esm
Layer: 001DC5:CoraCoeMultiversalBookHunter.esm
Scale: 1.37
Position: -70.445694, -25.05598, 15.277781
Rotation: -0.059418205, 0.05794529, 5.575876
