MutagenObjectType: PlacedObject
FormKey: 001BFE:CoraCoeMultiversalBookHunter.esm
Base: 1CC4AB:Starfield.esm
Layer: 001DC7:CoraCoeMultiversalBookHunter.esm
Position: -37.1483, 26.750477, 18.82969
Rotation: -0.007032779, -0.007033279, 1.1532927
