MutagenObjectType: PlacedObject
FormKey: 001BD4:CoraCoeMultiversalBookHunter.esm
Base: 24F0F6:Starfield.esm
Layer: 001DC5:CoraCoeMultiversalBookHunter.esm
Scale: 1.37
Position: -61.107464, -14.49753, 18.079823
Rotation: -0.38080236, -0.035404425, 5.6933546
