MutagenObjectType: PlacedObject
FormKey: 001BDB:CoraCoeMultiversalBookHunter.esm
Base: 24F0F6:Starfield.esm
Layer: 001DC5:CoraCoeMultiversalBookHunter.esm
Scale: 1.1899999
Position: -60.498352, 14.895792, 37.63539
Rotation: 0.08555912, 0.044156976, 0.44273803
