MutagenObjectType: PlacedObject
FormKey: 001B03:CoraCoeMultiversalBookHunter.esm
Base: 06D994:Starfield.esm
Layer: 001DC3:CoraCoeMultiversalBookHunter.esm
Scale: 0.96999997
Position: -81.61681, 9.77585, 22.706738
Rotation: 2.7562492, -0.0335743, 4.712389
