MutagenObjectType: PlacedObject
FormKey: 001BAD:CoraCoeMultiversalBookHunter.esm
Base: 248BF6:Starfield.esm
Layer: 001DC3:CoraCoeMultiversalBookHunter.esm
Position: -44.980186, -32.94207, 33.04343
Rotation: -0.6098271, 0.38410866, 1.798703
