MutagenObjectType: PlacedObject
FormKey: 001BF6:CoraCoeMultiversalBookHunter.esm
Base: 0063B0:Starfield.esm
Layer: 001DC7:CoraCoeMultiversalBookHunter.esm
Position: -57.206707, -30.745028, 16.779228
Rotation: 0.035571188, -0.045047157, 4.208397
