MutagenObjectType: PlacedObject
FormKey: 001B4D:CoraCoeMultiversalBookHunter.esm
Base: 0155E1:Starfield.esm
Layer: 001DC3:CoraCoeMultiversalBookHunter.esm
Position: -85.07586, -36.534653, 17.013369
Rotation: -0.023159627, -0.085135095, 6.2158823
