MutagenObjectType: PlacedObject
FormKey: 001BD5:CoraCoeMultiversalBookHunter.esm
Base: 24F0F6:Starfield.esm
Layer: 001DC5:CoraCoeMultiversalBookHunter.esm
Scale: 1.37
Position: -60.204056, -16.68685, 16.999128
Rotation: -0.30034944, -0.017604759, 0.95783675
