MutagenObjectType: PlacedObject
FormKey: 001BE0:CoraCoeMultiversalBookHunter.esm
Base: 013D95:Starfield.esm
Layer: 001DC5:CoraCoeMultiversalBookHunter.esm
Scale: 1.1899999
Position: -66.51153, 24.123096, 38.91331
Rotation: -0.4393954, -0.34117457, 5.7884073
