MutagenObjectType: PlacedObject
FormKey: 001B06:CoraCoeMultiversalBookHunter.esm
Base: 06D99D:Starfield.esm
Layer: 001DC3:CoraCoeMultiversalBookHunter.esm
Scale: 0.68
Position: -68.58048, 20.891094, 12.912707
Rotation: -0.14530088, -0.10374548, 4.712389
