MutagenObjectType: PlacedObject
FormKey: 001B55:CoraCoeMultiversalBookHunter.esm
Base: 012383:Starfield.esm
Layer: 001DC3:CoraCoeMultiversalBookHunter.esm
Position: -70.30856, -35.20837, 16.64273
Rotation: 0.035090055, 0.08258886, 0.002895924
