MutagenObjectType: PlacedObject
FormKey: 001B07:CoraCoeMultiversalBookHunter.esm
Base: 06D99D:Starfield.esm
Layer: 001DC3:CoraCoeMultiversalBookHunter.esm
Scale: 1.54
Position: -60.531967, 25.066313, 12.928685
Rotation: -0.15698662, -0.0128360195, 4.712389
