MutagenObjectType: PlacedObject
FormKey: 001BDA:CoraCoeMultiversalBookHunter.esm
Base: 24F0F8:Starfield.esm
Layer: 001DC5:CoraCoeMultiversalBookHunter.esm
Scale: 1.1899999
Position: -46.677357, 12.026129, 39.2195
Rotation: -0.18403873, -0.05719999, 2.6075897
