MutagenObjectType: PlacedObject
FormKey: 001BF4:CoraCoeMultiversalBookHunter.esm
Base: 018C69:Starfield.esm
Layer: 001DC7:CoraCoeMultiversalBookHunter.esm
Position: -61.03191, -28.905903, 16.406483
Rotation: 0.10729367, 0.21952869, 5.5436363
