MutagenObjectType: PlacedObject
FormKey: 001B1C:CoraCoeMultiversalBookHunter.esm
Base: 012366:Starfield.esm
Layer: 001DC5:CoraCoeMultiversalBookHunter.esm
Scale: 0.45
Position: -58.264122, 29.653791, 38.615593
Rotation: -0.06492641, -0.19470227, 0.012578473
