MutagenObjectType: PlacedObject
FormKey: 001B8C:CoraCoeMultiversalBookHunter.esm
Base: 00B432:Starfield.esm
Layer: 001DC5:CoraCoeMultiversalBookHunter.esm
Scale: 0.21
Position: -63.37071, -27.507668, 15.043062
Rotation: -0.117229894, 0.011242647, 0.55634695
