MutagenObjectType: PlacedObject
FormKey: 001B83:CoraCoeMultiversalBookHunter.esm
Base: 00B432:Starfield.esm
Layer: 001DC5:CoraCoeMultiversalBookHunter.esm
Scale: 0.44
Position: -74.56282, -23.879494, 14.867636
Rotation: 0.017954553, 0.11436755, 4.3728456
