MutagenObjectType: PlacedObject
FormKey: 001B85:CoraCoeMultiversalBookHunter.esm
Base: 00B432:Starfield.esm
Layer: 001DC5:CoraCoeMultiversalBookHunter.esm
Scale: 0.21
Position: -76.090454, -26.095165, 15.158746
Rotation: 0.027019171, -0.004052657, 1.1917878E-07
