MutagenObjectType: PlacedObject
FormKey: 001BA6:CoraCoeMultiversalBookHunter.esm
Base: 029ADD:Starfield.esm
Layer: 001DC5:CoraCoeMultiversalBookHunter.esm
Scale: 1.3199999
Position: -52.517128, -44.024796, 18.581354
Rotation: 0.16787963, 0.27850372, 5.62974
