MutagenObjectType: PlacedObject
FormKey: 001B89:CoraCoeMultiversalBookHunter.esm
Base: 029AE7:Starfield.esm
Layer: 001DC5:CoraCoeMultiversalBookHunter.esm
Scale: 0.21
Position: -76.08955, -22.544014, 15.947844
Rotation: -0.133283, -0.08332634, 1.210622E-07
