MutagenObjectType: PlacedObject
FormKey: 001BFF:CoraCoeMultiversalBookHunter.esm
Base: 018C69:Starfield.esm
Layer: 001DC7:CoraCoeMultiversalBookHunter.esm
Position: -34.907333, 27.007208, 18.655989
Rotation: -0.005462673, -0.012129111, 3.22345
