MutagenObjectType: PlacedObject
FormKey: 001BB2:CoraCoeMultiversalBookHunter.esm
Base: 251507:Starfield.esm
Layer: 001DC3:CoraCoeMultiversalBookHunter.esm
Position: -68.90202, -27.408546, 15.656533
Rotation: 0.085883126, 0.16456996, 0.014103549
