MutagenObjectType: PlacedObject
FormKey: 001B5C:CoraCoeMultiversalBookHunter.esm
Base: 00B432:Starfield.esm
Layer: 001DC5:CoraCoeMultiversalBookHunter.esm
Scale: 0.21
Position: -75.25626, -32.647137, 15.213974
Rotation: 0.027019171, -0.004052657, 4.712389
