MutagenObjectType: PlacedObject
FormKey: 001B1A:CoraCoeMultiversalBookHunter.esm
Base: 2A324C:Starfield.esm
Layer: 001DC3:CoraCoeMultiversalBookHunter.esm
Position: -54.95055, 26.062471, 37.881733
Rotation: -0.17247154, -0.21553455, 5.813125
