MutagenObjectType: PlacedObject
FormKey: 001B54:CoraCoeMultiversalBookHunter.esm
Base: 22496F:Starfield.esm
Layer: 001DC5:CoraCoeMultiversalBookHunter.esm
Position: -69.02665, -33.79604, 15.789148
Rotation: 0.1952864, 0.032563183, 4.712389
