MutagenObjectType: PlacedObject
FormKey: 001BB8:CoraCoeMultiversalBookHunter.esm
Base: 01531F:Starfield.esm
Layer: 001DC3:CoraCoeMultiversalBookHunter.esm
Position: -56.14204, -25.400862, 16.118122
Rotation: 0.00015717326, 0.099217124, 1.5568705E-05
