MutagenObjectType: PlacedObject
FormKey: 001BCA:CoraCoeMultiversalBookHunter.esm
Base: 24F0F6:Starfield.esm
Layer: 001DC5:CoraCoeMultiversalBookHunter.esm
Scale: 0.90999997
Position: -42.238125, -12.735454, 33.73692
Rotation: -0.31607792, 0.6872431, 5.2923203
