MutagenObjectType: PlacedObject
FormKey: 001BF3:CoraCoeMultiversalBookHunter.esm
Base: 244CC2:Starfield.esm
Layer: 001DC7:CoraCoeMultiversalBookHunter.esm
Position: -60.84413, -28.485516, 16.403336
Rotation: 0.10729369, 0.21952851, 4.815636
