MutagenObjectType: PlacedObject
FormKey: 001B25:CoraCoeMultiversalBookHunter.esm
Base: 05C644:Starfield.esm
LayeredMaterialSwaps:
- 121586:Starfield.esm
Layer: 001DC3:CoraCoeMultiversalBookHunter.esm
Position: -49.665638, 28.649065, 36.768272
Rotation: -1.0494937, 0.61023295, 3.5304515
