MutagenObjectType: PlacedObject
FormKey: 001BAA:CoraCoeMultiversalBookHunter.esm
Base: 248BF6:Starfield.esm
Layer: 001DC3:CoraCoeMultiversalBookHunter.esm
Position: -56.936928, -44.59533, 25.61887
Rotation: 1.1777883, 0.020274518, 4.9751186
