MutagenObjectType: PlacedObject
FormKey: 001B81:CoraCoeMultiversalBookHunter.esm
Base: 00B432:Starfield.esm
Layer: 001DC5:CoraCoeMultiversalBookHunter.esm
Scale: 0.21
Position: -70.36703, -24.804052, 14.893446
Rotation: 0.017954553, 0.11436755, 4.3728456
