MutagenObjectType: PlacedObject
FormKey: 001B76:CoraCoeMultiversalBookHunter.esm
Base: 00B432:Starfield.esm
Layer: 001DC5:CoraCoeMultiversalBookHunter.esm
Scale: 0.75
Position: -57.12926, -28.93709, 13.362756
Rotation: -0.023309153, -0.036472213, 1.5716466
