MutagenObjectType: PlacedObject
FormKey: 001B61:CoraCoeMultiversalBookHunter.esm
Base: 029ADD:Starfield.esm
Layer: 001DC5:CoraCoeMultiversalBookHunter.esm
Scale: 0.28
Position: -87.3538, -40.42176, 16.321793
Rotation: -0.03228152, -0.038763415, 3.9129179
