MutagenObjectType: PlacedObject
FormKey: 001BAB:CoraCoeMultiversalBookHunter.esm
Base: 248BF6:Starfield.esm
Layer: 001DC3:CoraCoeMultiversalBookHunter.esm
Position: -61.734894, -43.49611, 26.80111
Rotation: 1.5877005, 0.16662847, 5.502118
