MutagenObjectType: PlacedObject
FormKey: 001B1D:CoraCoeMultiversalBookHunter.esm
Base: 06F39E:Starfield.esm
Layer: 001DC5:CoraCoeMultiversalBookHunter.esm
Scale: 1.1899999
Position: -49.236305, 27.077866, 35.800163
Rotation: -0.2503243, -0.06596906, 4.712389
