MutagenObjectType: PlacedObject
FormKey: 001BE8:CoraCoeMultiversalBookHunter.esm
Base: 1CC4AB:Starfield.esm
Layer: 001DC7:CoraCoeMultiversalBookHunter.esm
Position: -57.995964, 44.036694, 38.47992
Rotation: -0.14908293, 0.1349156, 4.712389
