MutagenObjectType: PlacedObject
FormKey: 001B0B:CoraCoeMultiversalBookHunter.esm
Base: 248BF4:Starfield.esm
Layer: 001DC3:CoraCoeMultiversalBookHunter.esm
Position: -78.39662, 6.8595276, 21.536293
Rotation: 0.3242795, -0.22164251, 3.7207773
