MutagenObjectType: PlacedObject
FormKey: 001B91:CoraCoeMultiversalBookHunter.esm
Base: 015328:Starfield.esm
Layer: 001DC3:CoraCoeMultiversalBookHunter.esm
Position: -70.773026, -33.16987, 16.172768
Rotation: 0.3437471, 0.36794484, 0.12803708
