MutagenObjectType: PlacedObject
FormKey: 001B72:CoraCoeMultiversalBookHunter.esm
Base: 00B432:Starfield.esm
Layer: 001DC5:CoraCoeMultiversalBookHunter.esm
Scale: 0.21
Position: -65.06482, -31.418514, 15.337806
Rotation: -0.077032305, 0.059211757, 1.1919333E-07
