MutagenObjectType: PlacedObject
FormKey: 001B8E:CoraCoeMultiversalBookHunter.esm
Base: 00B432:Starfield.esm
Layer: 001DC5:CoraCoeMultiversalBookHunter.esm
Scale: 0.21
Position: -65.90234, -39.50565, 17.73675
Rotation: 0.26508784, 0.0048254617, 1.1907693E-07
