MutagenObjectType: PlacedObject
FormKey: 001BAC:CoraCoeMultiversalBookHunter.esm
Base: 248BF6:Starfield.esm
Layer: 001DC3:CoraCoeMultiversalBookHunter.esm
Position: -39.69994, -34.862747, 32.680855
Rotation: 1.8923542, 0.7395579, 5.946913
