MutagenObjectType: PlacedObject
FormKey: 001B8D:CoraCoeMultiversalBookHunter.esm
Base: 00B432:Starfield.esm
Layer: 001DC5:CoraCoeMultiversalBookHunter.esm
Scale: 0.75
Position: -70.42749, -43.7554, 16.012705
Rotation: 0.24395427, 0.19918576, 0.60000014
