MutagenObjectType: PlacedObject
FormKey: 001B73:CoraCoeMultiversalBookHunter.esm
Base: 00B432:Starfield.esm
Layer: 001DC5:CoraCoeMultiversalBookHunter.esm
Scale: 0.75
Position: -70.75424, -39.021713, 14.561479
Rotation: 0.33607242, 0.1295514, 1.1919333E-07
