MutagenObjectType: PlacedObject
FormKey: 001B1E:CoraCoeMultiversalBookHunter.esm
Base: 06F39E:Starfield.esm
Layer: 001DC5:CoraCoeMultiversalBookHunter.esm
Scale: 1.1899999
Position: -48.257732, 25.786392, 35.7724
Rotation: 0.06446549, -0.07512635, 6.2783403
