MutagenObjectType: PlacedObject
FormKey: 001B93:CoraCoeMultiversalBookHunter.esm
Base: 06D99D:Starfield.esm
Layer: 001DC3:CoraCoeMultiversalBookHunter.esm
Scale: 0.96999997
Position: -87.87501, -36.446278, 22.196146
Rotation: -2.3568788, -0.23395096, 4.712389
