MutagenObjectType: PlacedObject
FormKey: 001B13:CoraCoeMultiversalBookHunter.esm
Base: 29FE34:Starfield.esm
Layer: 001DC3:CoraCoeMultiversalBookHunter.esm
Position: -56.64242, 28.600506, 38.381523
Rotation: -0.15220737, -0.16003954, 3.3130453
