MutagenObjectType: PlacedObject
FormKey: 001B74:CoraCoeMultiversalBookHunter.esm
Base: 00B432:Starfield.esm
Layer: 001DC5:CoraCoeMultiversalBookHunter.esm
Scale: 0.75
Position: -66.68533, -22.184782, 12.876523
Rotation: -0.06733938, 0.19053881, 0.95802474
