MutagenObjectType: PlacedObject
FormKey: 001BC0:CoraCoeMultiversalBookHunter.esm
Base: 211462:Starfield.esm
Layer: 001DC3:CoraCoeMultiversalBookHunter.esm
Scale: 1.88
Position: -76.61264, -19.208267, 17.152096
Rotation: -0.16283959, -0.014641615, 4.712389
