MutagenObjectType: PlacedObject
FormKey: 001BC4:CoraCoeMultiversalBookHunter.esm
Base: 06D99E:Starfield.esm
Layer: 001DC3:CoraCoeMultiversalBookHunter.esm
Scale: 0.96999997
Position: -44.88998, -37.971786, 24.470167
Rotation: -0.30919954, 0.24103315, 4.712389
