MutagenObjectType: PlacedObject
FormKey: 001B3D:CoraCoeMultiversalBookHunter.esm
Base: 1142E2:Starfield.esm
LayeredMaterialSwaps:
- 134107:Starfield.esm
- 134130:Starfield.esm
Layer: 001DC3:CoraCoeMultiversalBookHunter.esm
Scale: 1.29
Position: -78.204704, -37.637257, 16.405354
Rotation: 0.1263529, -0.18335386, 4.7002754
