MutagenObjectType: PlacedObject
FormKey: 001B78:CoraCoeMultiversalBookHunter.esm
Base: 2F063A:Starfield.esm
Layer: 001DC5:CoraCoeMultiversalBookHunter.esm
Scale: 1.37
Position: -62.64277, -19.572468, 15.581087
Rotation: 0.113068774, 0.03301008, 1.1919333E-07
