MutagenObjectType: PlacedObject
FormKey: 001B94:CoraCoeMultiversalBookHunter.esm
Base: 06D99D:Starfield.esm
Layer: 001DC3:CoraCoeMultiversalBookHunter.esm
Scale: 0.96999997
Position: -83.68642, -20.368526, 23.974895
Rotation: 2.7962787, -0.00726973, 4.712389
