MutagenObjectType: PlacedObject
FormKey: 001B33:CoraCoeMultiversalBookHunter.esm
Base: 06D99E:Starfield.esm
Layer: 001DC3:CoraCoeMultiversalBookHunter.esm
Scale: 0.69
Position: -16.093542, 55.640022, 18.164541
Rotation: -0.28622746, -0.24119197, 4.712389
