MutagenObjectType: PlacedObject
FormKey: 001B3E:CoraCoeMultiversalBookHunter.esm
Base: 015328:Starfield.esm
Layer: 001DC3:CoraCoeMultiversalBookHunter.esm
Position: -80.05299, -38.15113, 16.549616
Rotation: 0.14291444, -0.031399168, 4.712389
