MutagenObjectType: PlacedObject
FormKey: 001B1F:CoraCoeMultiversalBookHunter.esm
Base: 2F0639:Starfield.esm
Layer: 001DC5:CoraCoeMultiversalBookHunter.esm
Scale: 0.90999997
Position: -51.737274, 27.335402, 36.785664
Rotation: 0.0011160658, -0.31102023, 0.045527194
