MutagenObjectType: PlacedObject
FormKey: 001B20:CoraCoeMultiversalBookHunter.esm
Base: 2F063A:Starfield.esm
Layer: 001DC5:CoraCoeMultiversalBookHunter.esm
Scale: 0.90999997
Position: -53.93436, 29.945303, 37.40692
Rotation: 0.12006644, -0.33576232, 1.5602705
