MutagenObjectType: PlacedObject
FormKey: 001B90:CoraCoeMultiversalBookHunter.esm
Base: 029AE7:Starfield.esm
Layer: 001DC5:CoraCoeMultiversalBookHunter.esm
Scale: 0.21
Position: -67.74829, -39.661774, 17.51575
Rotation: 0.30771983, 0.021933058, 1.1919333E-07
