MutagenObjectType: PlacedObject
FormKey: 001BA7:CoraCoeMultiversalBookHunter.esm
Base: 029ADD:Starfield.esm
Layer: 001DC5:CoraCoeMultiversalBookHunter.esm
Scale: 1.3199999
Position: -49.745136, -38.770554, 20.844162
Rotation: -0.14377166, 0.22991037, 6.2502074
