MutagenObjectType: PlacedObject
FormKey: 001B18:CoraCoeMultiversalBookHunter.esm
Base: 02F485:Starfield.esm
Layer: 001DC3:CoraCoeMultiversalBookHunter.esm
Position: -57.47892, 34.174473, 38.62806
Rotation: -0.041008994, -0.0715729, 0.0029342496
