MutagenObjectType: PlacedObject
FormKey: 001B80:CoraCoeMultiversalBookHunter.esm
Base: 00B432:Starfield.esm
Layer: 001DC5:CoraCoeMultiversalBookHunter.esm
Scale: 0.21
Position: -69.9099, -26.140808, 15.085485
Rotation: 0.017954553, 0.11436755, 4.3728456
