MutagenObjectType: PlacedObject
FormKey: 001BE5:CoraCoeMultiversalBookHunter.esm
Base: 3CC325:Starfield.esm
Layer: 001DC7:CoraCoeMultiversalBookHunter.esm
Position: -57.578106, 42.373108, 38.942986
Rotation: -2.642582E-08, 2.9724003E-08, 0
