MutagenObjectType: PlacedObject
FormKey: 001B7F:CoraCoeMultiversalBookHunter.esm
Base: 00B432:Starfield.esm
Layer: 001DC5:CoraCoeMultiversalBookHunter.esm
Scale: 0.21
Position: -69.33182, -31.677855, 15.251325
Rotation: 0.017954553, 0.11436755, 4.3728456
