MutagenObjectType: PlacedObject
FormKey: 001BCB:CoraCoeMultiversalBookHunter.esm
Base: 248BF6:Starfield.esm
Layer: 001DC3:CoraCoeMultiversalBookHunter.esm
Position: -57.870045, -44.600643, 26.50193
Rotation: 1.1406616, 0.37043497, 0.85376674
