MutagenObjectType: PlacedObject
FormKey: 001BFB:CoraCoeMultiversalBookHunter.esm
Base: 029AE9:Starfield.esm
Layer: 001DC5:CoraCoeMultiversalBookHunter.esm
Position: -22.286572, 48.231167, 14.914926
Rotation: -0.20658077, 0.12234391, 5.6303887
