MutagenObjectType: PlacedObject
FormKey: 001B2E:CoraCoeMultiversalBookHunter.esm
Base: 248BF3:Starfield.esm
Layer: 001DC3:CoraCoeMultiversalBookHunter.esm
Position: -32.46221, 29.273392, 26.157776
Rotation: -0.11384647, 0.22459243, 0.41568717
