MutagenObjectType: PlacedObject
FormKey: 001B2C:CoraCoeMultiversalBookHunter.esm
Base: 248BF4:Starfield.esm
Layer: 001DC3:CoraCoeMultiversalBookHunter.esm
Position: -38.281433, 28.714119, 24.988787
Rotation: -0.14480798, 0.5294213, 1.0047014
