MutagenObjectType: PlacedObject
FormKey: 001BB5:CoraCoeMultiversalBookHunter.esm
XALG: 0x0100000000000000
Base: 08F030:Starfield.esm
Layer: 001DC3:CoraCoeMultiversalBookHunter.esm
Position: -64.24055, -30.96336, 16.211912
Rotation: -0.02242495, 0.010025289, 4.712389
