MutagenObjectType: PlacedObject
FormKey: 001BEB:CoraCoeMultiversalBookHunter.esm
Base: 016758:Starfield.esm
RagdollData:
- Unused: 0xABABAB
  Position: -0.027866364, 0.26702118, -0.037484527
  Rotation: 1.7878966E-07, 6.4075005E-07, -7.1515984E-07
Layer: 001DC7:CoraCoeMultiversalBookHunter.esm
Position: -48.691845, 46.986694, 39.80817
Rotation: -0.08800908, 0.36111942, 0.18124834
