MutagenObjectType: PlacedObject
FormKey: 001B7C:CoraCoeMultiversalBookHunter.esm
Base: 019700:Starfield.esm
Layer: 001DC5:CoraCoeMultiversalBookHunter.esm
Scale: 0.29999998
Position: -70.667564, -27.856113, 15.247098
Rotation: 0.052453328, -0.2623034, 1.5571835
