MutagenObjectType: PlacedObject
FormKey: 001B19:CoraCoeMultiversalBookHunter.esm
Base: 05C64A:Starfield.esm
Layer: 001DC3:CoraCoeMultiversalBookHunter.esm
Position: -58.938522, 30.690489, 38.92872
Rotation: -0.1327743, -0.08192127, 4.712389
