MutagenObjectType: PlacedObject
FormKey: 001BD8:CoraCoeMultiversalBookHunter.esm
Base: 013D95:Starfield.esm
Layer: 001DC5:CoraCoeMultiversalBookHunter.esm
Position: -42.59953, 29.606909, 36.25265
Rotation: 0.12191849, 0.035697468, 2.168824
