MutagenObjectType: PlacedObject
FormKey: 001BD1:CoraCoeMultiversalBookHunter.esm
Base: 24F0F8:Starfield.esm
Layer: 001DC5:CoraCoeMultiversalBookHunter.esm
Scale: 1.37
Position: -72.53883, -28.627916, 15.69085
Rotation: 0.2613182, -0.01869025, 4.821323
