MutagenObjectType: PlacedObject
FormKey: 001BA8:CoraCoeMultiversalBookHunter.esm
Base: 24F0F6:Starfield.esm
Layer: 001DC5:CoraCoeMultiversalBookHunter.esm
Position: -52.643745, -42.720356, 20.604725
Rotation: -0.2569736, 0.24639848, 4.712389
