MutagenObjectType: PlacedObject
FormKey: 001B67:CoraCoeMultiversalBookHunter.esm
Base: 1F563A:Starfield.esm
ConstrainedDecal: 1, 1, 0.59722614
Layer: 001DC4:CoraCoeMultiversalBookHunter.esm
Position: -62.67221, -24.498217, 15.805022
Rotation: 3.1139257, -0.12067796, 0.0122805685
