MutagenObjectType: PlacedObject
FormKey: 001B04:CoraCoeMultiversalBookHunter.esm
Base: 06D99E:Starfield.esm
Layer: 001DC3:CoraCoeMultiversalBookHunter.esm
Scale: 0.68
Position: -74.37734, 6.199051, 14.407439
Rotation: 0.047019593, -0.04357035, 4.712389
