MutagenObjectType: PlacedObject
FormKey: 001B0F:CoraCoeMultiversalBookHunter.esm
Base: 07542E:Starfield.esm
Layer: 001DC3:CoraCoeMultiversalBookHunter.esm
Position: -59.831116, 26.596792, 38.05384
Rotation: -0.032699607, -0.1351232, 0.23821245
