MutagenObjectType: PlacedObject
FormKey: 001BCD:CoraCoeMultiversalBookHunter.esm
Base: 24F0F6:Starfield.esm
Layer: 001DC5:CoraCoeMultiversalBookHunter.esm
Scale: 0.71
Position: -77.41677, -34.782623, 15.969157
Rotation: 0.0365543, 0.17686942, 4.893475
