MutagenObjectType: PlacedObject
FormKey: 001B40:CoraCoeMultiversalBookHunter.esm
Base: 17E01A:Starfield.esm
Layer: 001DC3:CoraCoeMultiversalBookHunter.esm
Position: -77.008484, -27.691343, 15.678208
Rotation: 0.027019171, -0.004052657, 4.712389
