MutagenObjectType: PlacedObject
FormKey: 001B97:CoraCoeMultiversalBookHunter.esm
Base: 06D99E:Starfield.esm
Layer: 001DC3:CoraCoeMultiversalBookHunter.esm
Scale: 0.96999997
Position: -82.20929, -27.066162, 22.574047
Rotation: 3.1207755, -0.11600585, 3.1440027
