MutagenObjectType: PlacedObject
FormKey: 001BD9:CoraCoeMultiversalBookHunter.esm
Base: 013D95:Starfield.esm
Layer: 001DC5:CoraCoeMultiversalBookHunter.esm
Position: -33.30836, 27.94214, 36.940983
Rotation: -0.03185674, 0.122127794, 2.687903
