MutagenObjectType: PlacedObject
FormKey: 001B2F:CoraCoeMultiversalBookHunter.esm
Base: 248BF3:Starfield.esm
Layer: 001DC3:CoraCoeMultiversalBookHunter.esm
Position: -35.20105, 29.273392, 25.356157
Rotation: -0.11384647, 0.22459243, 0.41568717
