MutagenObjectType: PlacedObject
FormKey: 001B52:CoraCoeMultiversalBookHunter.esm
Base: 2514F5:Starfield.esm
Layer: 001DC7:CoraCoeMultiversalBookHunter.esm
Position: -80.54796, -38.139053, 16.887964
Rotation: -1.5707964, 0.72279656, 3.1415927
