MutagenObjectType: PlacedObject
FormKey: 001B7B:CoraCoeMultiversalBookHunter.esm
Base: 00B432:Starfield.esm
Layer: 001DC5:CoraCoeMultiversalBookHunter.esm
Scale: 0.29999998
Position: -70.1434, -29.503489, 15.309847
Rotation: 0.08412483, 0.098711774, 1.5791063
