MutagenObjectType: PlacedObject
FormKey: 001BD6:CoraCoeMultiversalBookHunter.esm
Base: 012368:Starfield.esm
Layer: 001DC5:CoraCoeMultiversalBookHunter.esm
Scale: 1.37
Position: -60.79029, -18.6842, 16.196306
Rotation: -0.20474054, -0.07988659, 0.9515334
