MutagenObjectType: PlacedObject
FormKey: 001B08:CoraCoeMultiversalBookHunter.esm
Base: 06D99D:Starfield.esm
Layer: 001DC3:CoraCoeMultiversalBookHunter.esm
Scale: 1.54
Position: -46.422775, 36.50732, 12.969844
Rotation: 0.012297829, 0.01957235, 0.00024069405
