MutagenObjectType: PlacedObject
FormKey: 001BCF:CoraCoeMultiversalBookHunter.esm
Base: 24F0F6:Starfield.esm
Layer: 001DC5:CoraCoeMultiversalBookHunter.esm
Scale: 1.37
Position: -70.10006, -26.206173, 15.661657
Rotation: -0.045635037, 0.14636157, 1.9815202
