MutagenObjectType: PlacedObject
FormKey: 001B60:CoraCoeMultiversalBookHunter.esm
Base: 029ADD:Starfield.esm
Layer: 001DC5:CoraCoeMultiversalBookHunter.esm
Scale: 0.28
Position: -88.64561, -36.976524, 16.361452
Rotation: 0.033664647, 0.0058703218, 4.5832586
