MutagenObjectType: PlacedObject
FormKey: 001B86:CoraCoeMultiversalBookHunter.esm
Base: 00B432:Starfield.esm
Layer: 001DC5:CoraCoeMultiversalBookHunter.esm
Scale: 0.21
Position: -76.08958, -24.94772, 15.343412
Rotation: 0.02701917, -0.0040526567, 4.6831856
