MutagenObjectType: PlacedObject
FormKey: 001BE7:CoraCoeMultiversalBookHunter.esm
Base: 246226:Starfield.esm
Layer: 001DC7:CoraCoeMultiversalBookHunter.esm
Position: -61.74074, 43.99481, 39.152023
Rotation: -2.6425786E-08, 2.972398E-08, 2.12
