MutagenObjectType: PlacedObject
FormKey: 001B21:CoraCoeMultiversalBookHunter.esm
Base: 05C644:Starfield.esm
LayeredMaterialSwaps:
- 121586:Starfield.esm
Layer: 001DC3:CoraCoeMultiversalBookHunter.esm
Position: -49.239418, 40.946346, 38.52642
Rotation: -0.003955531, 0.00021414009, 5.014412
