MutagenObjectType: PlacedObject
FormKey: 001B2B:CoraCoeMultiversalBookHunter.esm
Base: 248BF3:Starfield.esm
Layer: 001DC3:CoraCoeMultiversalBookHunter.esm
Position: -35.870403, 26.579659, 25.055561
Rotation: -0.49478862, 0.2889016, 0.8632394
