MutagenObjectType: PlacedObject
FormKey: 001B59:CoraCoeMultiversalBookHunter.esm
Base: 00B432:Starfield.esm
Layer: 001DC5:CoraCoeMultiversalBookHunter.esm
Scale: 0.21
Position: -68.29358, -38.089737, 16.913214
Rotation: 0.3478062, 0.25612766, 4.712389
