MutagenObjectType: PlacedObject
FormKey: 001B12:CoraCoeMultiversalBookHunter.esm
Base: 075432:Starfield.esm
Layer: 001DC3:CoraCoeMultiversalBookHunter.esm
Position: -45.340008, 29.645157, 41.413586
Rotation: -1.4277246, -0.829579, 2.8043704
