MutagenObjectType: PlacedObject
FormKey: 001B14:CoraCoeMultiversalBookHunter.esm
Base: 29FE34:Starfield.esm
Layer: 001DC3:CoraCoeMultiversalBookHunter.esm
Position: -55.31618, 28.260263, 38.090206
Rotation: -0.16574493, -0.17661448, 0.029380232
