MutagenObjectType: PlacedObject
FormKey: 001BF9:CoraCoeMultiversalBookHunter.esm
Base: 16161B:Starfield.esm
Layer: 001DC3:CoraCoeMultiversalBookHunter.esm
Position: -35.33506, 44.39245, 13.877142
Rotation: 1.7708088, 1.2431014, 0.36724082
