MutagenObjectType: PlacedObject
FormKey: 001B75:CoraCoeMultiversalBookHunter.esm
Base: 00B432:Starfield.esm
Layer: 001DC5:CoraCoeMultiversalBookHunter.esm
Scale: 0.75
Position: -61.52017, -21.284914, 12.871358
Rotation: -0.06733937, 0.19053905, 1.658025
