MutagenObjectType: PlacedObject
FormKey: 001B68:CoraCoeMultiversalBookHunter.esm
Base: 1F563A:Starfield.esm
ConstrainedDecal: 1.7358017, 1.6733551, 0.5972252
Layer: 001DC4:CoraCoeMultiversalBookHunter.esm
Position: -61.707428, -23.729864, 15.994474
Rotation: 3.1139257, -0.12067796, 0.012280552
