MutagenObjectType: PlacedObject
FormKey: 001B7E:CoraCoeMultiversalBookHunter.esm
Base: 00B432:Starfield.esm
Layer: 001DC5:CoraCoeMultiversalBookHunter.esm
Scale: 0.21
Position: -68.5734, -28.777855, 15.116588
Rotation: 0.017954553, 0.11436755, 4.3728456
