MutagenObjectType: PlacedObject
FormKey: 001BDD:CoraCoeMultiversalBookHunter.esm
Base: 2F0639:Starfield.esm
Layer: 001DC5:CoraCoeMultiversalBookHunter.esm
Scale: 1.1899999
Position: -65.42161, 16.546667, 28.904789
Rotation: 0.20981947, 0.065501, 4.0080566
