MutagenObjectType: PlacedObject
FormKey: 001B92:CoraCoeMultiversalBookHunter.esm
Base: 06D99D:Starfield.esm
Layer: 001DC3:CoraCoeMultiversalBookHunter.esm
Scale: 0.96999997
Position: -91.43391, -40.59964, 21.701862
Rotation: 2.6625109, 0.08560846, 4.712389
