MutagenObjectType: PlacedObject
FormKey: 001BDC:CoraCoeMultiversalBookHunter.esm
Base: 24F0F6:Starfield.esm
Layer: 001DC5:CoraCoeMultiversalBookHunter.esm
Scale: 1.1899999
Position: -59.6158, 11.633796, 39.43222
Rotation: 0.23492406, 0.19118486, 3.259638
