MutagenObjectType: PlacedObject
FormKey: 001BE3:CoraCoeMultiversalBookHunter.esm
Base: 24F0F6:Starfield.esm
Layer: 001DC5:CoraCoeMultiversalBookHunter.esm
Position: -42.74234, -20.483152, 28.065046
Rotation: -0.19453558, -0.07811164, 0.5462243
