MutagenObjectType: PlacedObject
FormKey: 001BE6:CoraCoeMultiversalBookHunter.esm
Base: 3CC32C:Starfield.esm
Layer: 001DC7:CoraCoeMultiversalBookHunter.esm
Position: -57.55706, 42.378586, 38.963432
Rotation: -2.6422267E-08, 2.9723969E-08, 1.0710002
