MutagenObjectType: PlacedObject
FormKey: 001BAE:CoraCoeMultiversalBookHunter.esm
Base: 25585F:Starfield.esm
Layer: 001DC3:CoraCoeMultiversalBookHunter.esm
Position: -55.413376, -22.410109, 16.03156
Rotation: -0.04889163, 0.22919093, 3.6720698
