MutagenObjectType: PlacedObject
FormKey: 001B96:CoraCoeMultiversalBookHunter.esm
Base: 06D99E:Starfield.esm
Layer: 001DC3:CoraCoeMultiversalBookHunter.esm
Scale: 0.96999997
Position: -82.55902, -24.37382, 22.71649
Rotation: 2.8822842, 0.0023888766, 4.7127113
