MutagenObjectType: PlacedObject
FormKey: 001BC9:CoraCoeMultiversalBookHunter.esm
Base: 24F0F8:Starfield.esm
Layer: 001DC5:CoraCoeMultiversalBookHunter.esm
Scale: 0.90999997
Position: -74.57336, 1.3325614, 38.535934
Rotation: 0.027153885, -0.19265026, 4.624818
