MutagenObjectType: PlacedObject
FormKey: 001B43:CoraCoeMultiversalBookHunter.esm
Base: 029AE7:Starfield.esm
Layer: 001DC5:CoraCoeMultiversalBookHunter.esm
Scale: 0.75
Position: -72.88578, -31.439713, 14.52626
Rotation: 0.07123025, -0.08996022, 6.2767754
