MutagenObjectType: PlacedObject
FormKey: 001BC5:CoraCoeMultiversalBookHunter.esm
Base: 06D99E:Starfield.esm
Layer: 001DC3:CoraCoeMultiversalBookHunter.esm
Scale: 0.96999997
Position: -39.470562, -30.852135, 25.950506
Rotation: -0.16198577, 0.31350592, 6.232834
