MutagenObjectType: PlacedObject
FormKey: 001B8B:CoraCoeMultiversalBookHunter.esm
Base: 00B432:Starfield.esm
Layer: 001DC5:CoraCoeMultiversalBookHunter.esm
Scale: 0.21
Position: -64.01363, -25.946568, 15.145523
Rotation: -0.1172299, 0.011242635, 1.556347
