MutagenObjectType: PlacedObject
FormKey: 001BB1:CoraCoeMultiversalBookHunter.esm
Base: 1BF52D:Starfield.esm
Layer: 001DC3:CoraCoeMultiversalBookHunter.esm
Position: -67.627945, -28.650114, 15.837988
Rotation: 0.13146484, 0.09978846, 2.5123887
