MutagenObjectType: PlacedObject
FormKey: 001B64:CoraCoeMultiversalBookHunter.esm
Base: 06D99E:Starfield.esm
Layer: 001DC3:CoraCoeMultiversalBookHunter.esm
Scale: 0.96999997
Position: -70.08308, -34.76081, 16.300922
Rotation: 0.13153554, 0.09012899, 4.712389
