MutagenObjectType: PlacedObject
FormKey: 001B98:CoraCoeMultiversalBookHunter.esm
Base: 06D99E:Starfield.esm
Layer: 001DC3:CoraCoeMultiversalBookHunter.esm
Scale: 0.96999997
Position: -80.74447, -31.391825, 23.183975
Rotation: -3.0119708, -0.20005648, 3.1156952
