MutagenObjectType: PlacedObject
FormKey: 001B87:CoraCoeMultiversalBookHunter.esm
Base: 00B432:Starfield.esm
Layer: 001DC5:CoraCoeMultiversalBookHunter.esm
Scale: 0.21
Position: -76.95296, -23.772398, 15.43257
Rotation: -0.30960938, 0.09067079, 1.1919333E-07
