MutagenObjectType: PlacedObject
FormKey: 001BD2:CoraCoeMultiversalBookHunter.esm
Base: 013D95:Starfield.esm
Layer: 001DC5:CoraCoeMultiversalBookHunter.esm
Position: -52.953873, -43.317562, 20.659723
Rotation: 0.01221923, 0.49009082, 2.9587572
