MutagenObjectType: PlacedObject
FormKey: 001B71:CoraCoeMultiversalBookHunter.esm
Base: 00B432:Starfield.esm
Layer: 001DC5:CoraCoeMultiversalBookHunter.esm
Scale: 0.21
Position: -67.38938, -30.37319, 15.281264
Rotation: 0.017954562, 0.11436766, 1.5728457
