MutagenObjectType: PlacedObject
FormKey: 001B4F:CoraCoeMultiversalBookHunter.esm
Base: 1142E2:Starfield.esm
Layer: 001DC3:CoraCoeMultiversalBookHunter.esm
Scale: 1.7199999
Position: -83.91791, -35.030693, 16.373903
Rotation: 0.05012699, 0.12320859, 0.0061655045
