MutagenObjectType: PlacedObject
FormKey: 001B6F:CoraCoeMultiversalBookHunter.esm
Base: 00B432:Starfield.esm
Layer: 001DC5:CoraCoeMultiversalBookHunter.esm
Scale: 0.21
Position: -68.233215, -32.707596, 15.545518
Rotation: 0.33323652, -0.022181775, 1.1919333E-07
