MutagenObjectType: PlacedObject
FormKey: 001B77:CoraCoeMultiversalBookHunter.esm
Base: 2F063A:Starfield.esm
Layer: 001DC5:CoraCoeMultiversalBookHunter.esm
Scale: 1.37
Position: -66.105286, -27.020452, 15.245106
Rotation: -0.009997525, 0.03276061, 6.2791343
