MutagenObjectType: PlacedObject
FormKey: 001B7D:CoraCoeMultiversalBookHunter.esm
Base: 00B432:Starfield.esm
Layer: 001DC5:CoraCoeMultiversalBookHunter.esm
Scale: 0.21
Position: -68.13415, -30.028498, 15.18951
Rotation: 0.017954553, 0.11436755, 4.3728456
