MutagenObjectType: PlacedObject
FormKey: 001BB0:CoraCoeMultiversalBookHunter.esm
Base: 17E01A:Starfield.esm
Layer: 001DC3:CoraCoeMultiversalBookHunter.esm
Position: -77.75483, -25.666365, 14.933151
Rotation: -0.049338, 0.23248799, 4.55545
