MutagenObjectType: PlacedObject
FormKey: 001C0E:CoraCoeMultiversalBookHunter.esm
Base: 3E498A:Starfield.esm
Layer: 001DC3:CoraCoeMultiversalBookHunter.esm
Position: -56.70621, 42.257885, 38.180454
Rotation: -1.5707965, 0.19120583, 1.5707965
