MutagenObjectType: PlacedObject
FormKey: 001C10:CoraCoeMultiversalBookHunter.esm
Base: 1CC4AB:Starfield.esm
Layer: 001DC7:CoraCoeMultiversalBookHunter.esm
Position: -55.414417, 44.68065, 39.433838
Rotation: 0.011918953, -0.039586846, 0.1285283
