MutagenObjectType: PlacedObject
FormKey: 001C02:CoraCoeMultiversalBookHunter.esm
Base: 251507:Starfield.esm
Layer: 001DC3:CoraCoeMultiversalBookHunter.esm
Position: -57.303062, 42.237206, 38.146027
Rotation: -2.6432868E-08, 2.972398E-08, 0.52200043
