MutagenObjectType: PlacedObject
FormKey: 001C01:CoraCoeMultiversalBookHunter.esm
Base: 035A48:Starfield.esm
RagdollData:
- Unused: 0xABABAB
  Position: 3.8146973E-06, 1.335144E-05, -0.02696991
  Rotation: 9.982443E-06, -4.5067163E-06, 0.00010135524
Layer: 001DC7:CoraCoeMultiversalBookHunter.esm
Position: -30.487898, 29.35364, 19.341476
Rotation: -1.5707964, -0.33500096, 4.712389
