MutagenObjectType: PlacedObject
FormKey: 001C09:CoraCoeMultiversalBookHunter.esm
Base: 19122D:Starfield.esm
Layer: 001DC3:CoraCoeMultiversalBookHunter.esm
Position: -57.40615, 42.14921, 38.942986
Rotation: -2.642582E-08, 2.9724003E-08, 0
