MutagenObjectType: PlacedObject
FormKey: 001C08:CoraCoeMultiversalBookHunter.esm
Base: 19122C:Starfield.esm
Layer: 001DC3:CoraCoeMultiversalBookHunter.esm
Position: -57.301815, 42.25851, 38.940025
Rotation: -2.6429362E-08, 2.9724003E-08, 0.47499982
