MutagenObjectType: PlacedObject
FormKey: 001C03:CoraCoeMultiversalBookHunter.esm
Base: 191226:Starfield.esm
Layer: 001DC3:CoraCoeMultiversalBookHunter.esm
Position: -57.322422, 42.31004, 38.942986
Rotation: -2.642582E-08, 2.9724003E-08, 0
