MutagenObjectType: PlacedObject
FormKey: 001C07:CoraCoeMultiversalBookHunter.esm
Base: 191226:Starfield.esm
Layer: 001DC3:CoraCoeMultiversalBookHunter.esm
Position: -57.571068, 42.230953, 38.963627
Rotation: -1.5707961, 1.0207956, 3.1415927
