MutagenObjectType: PlacedObject
FormKey: 001C0D:CoraCoeMultiversalBookHunter.esm
Base: 3E498A:Starfield.esm
Layer: 001DC3:CoraCoeMultiversalBookHunter.esm
Position: -56.974743, 42.006344, 38.180466
Rotation: -1.5707968, -1.3087945, 1.5707967
