MutagenObjectType: PlacedObject
FormKey: 001C0F:CoraCoeMultiversalBookHunter.esm
Base: 3CC32C:Starfield.esm
Layer: 001DC7:CoraCoeMultiversalBookHunter.esm
Position: -57.053562, 42.096607, 38.942986
Rotation: -2.6425841E-08, 2.9724013E-08, 4.9121857
