MutagenObjectType: PlacedObject
FormKey: 001C00:CoraCoeMultiversalBookHunter.esm
Base: 1B9E0F:Starfield.esm
Layer: 001DC7:CoraCoeMultiversalBookHunter.esm
Position: -28.326172, 30.23913, 18.761904
Rotation: 0.61823744, 0.7830951, 4.8732557
