MutagenObjectType: PlacedObject
FormKey: 001C0C:CoraCoeMultiversalBookHunter.esm
Base: 3E498A:Starfield.esm
Layer: 001DC3:CoraCoeMultiversalBookHunter.esm
Position: -57.159344, 41.920975, 38.942986
Rotation: -2.642582E-08, 2.9724003E-08, 0
