MutagenObjectType: PlacedObject
FormKey: 001C04:CoraCoeMultiversalBookHunter.esm
Base: 191226:Starfield.esm
Layer: 001DC3:CoraCoeMultiversalBookHunter.esm
Position: -57.622005, 42.150764, 38.942986
Rotation: -2.642582E-08, 2.9724003E-08, 0
