MutagenObjectType: PlacedObject
FormKey: 001C0A:CoraCoeMultiversalBookHunter.esm
Base: 19122D:Starfield.esm
Layer: 001DC3:CoraCoeMultiversalBookHunter.esm
Position: -57.01683, 42.33447, 38.963627
Rotation: -1.5707961, -0.9592055, 3.1415927
