MutagenObjectType: PlacedObject
FormKey: 0010D7:CoraCoeMultiversalBookHunter.esm
Base: 00B412:Starfield.esm
Position: 4.283675, 58.006603, 26.580217
Rotation: -1.8956991, 0.87948024, 2.542782
