MutagenObjectType: PlacedObject
FormKey: 0010AE:CoraCoeMultiversalBookHunter.esm
Base: 23CF65:Starfield.esm
SourcePackIn: 093DDF:Starfield.esm
Position: 88.03651, 66.64605, 16.61039
Rotation: 0.15494348, -0.20186952, 4.290823
