MutagenObjectType: PlacedObject
FormKey: 0010E8:CoraCoeMultiversalBookHunter.esm
Base: 02EC6D:Starfield.esm
SourcePackIn: 02689C:Starfield.esm
Scale: 0.84999996
Position: 12.62691, 41.493767, 27.531395
Rotation: 0.10207248, 0.14256872, 0.3077572
