MutagenObjectType: PlacedObject
FormKey: 0010CC:CoraCoeMultiversalBookHunter.esm
Base: 021710:Starfield.esm
SourcePackIn: 1A30EF:Starfield.esm
Scale: 0.87
Position: 49.041943, 83.395454, 21.394339
Rotation: 0.07384387, -0.11490883, 1.4427418
