MutagenObjectType: PlacedObject
FormKey: 0010A2:CoraCoeMultiversalBookHunter.esm
Base: 01D1F6:Starfield.esm
Scale: 1.22
Position: 11.690253, 58.307568, 29.448008
Rotation: 2.729937, -0.5032041, 0.93154645
