MutagenObjectType: PlacedObject
FormKey: 0010FF:CoraCoeMultiversalBookHunter.esm
Base: 01D2B6:Starfield.esm
Position: 42.01523, 69.67539, 16.231956
Rotation: 3.102285, -0.10880414, 2.1184552
