MutagenObjectType: PlacedObject
FormKey: 0010A0:CoraCoeMultiversalBookHunter.esm
Base: 01D1FC:Starfield.esm
Position: 13.611665, 62.34168, 31.756367
Rotation: 0.38132903, 0.17896034, 3.6759353
