MutagenObjectType: PlacedObject
FormKey: 0010F6:CoraCoeMultiversalBookHunter.esm
Base: 00B42C:Starfield.esm
SourcePackIn: 01E80B:Starfield.esm
Scale: 1.0799999
Position: 44.24337, 77.659386, 22.569395
Rotation: -0, -0, 4.2816286
