MutagenObjectType: PlacedObject
FormKey: 0010CF:CoraCoeMultiversalBookHunter.esm
Base: 021710:Starfield.esm
SourcePackIn: 1A3088:Starfield.esm
Scale: 0.79999995
Position: 49.349094, 79.320335, 22.445507
Rotation: -2.971129, 0.9013312, 4.99339
