MutagenObjectType: PlacedObject
FormKey: 0010D4:CoraCoeMultiversalBookHunter.esm
Base: 01D2B6:Starfield.esm
Scale: 1.23
Position: 5.482909, 75.79639, 33.505684
Rotation: -2.994702, -0.062172458, 4.524995
