MutagenObjectType: PlacedObject
FormKey: 0010DC:CoraCoeMultiversalBookHunter.esm
Base: 00B412:Starfield.esm
Position: 27.404718, 89.65189, 20.942743
Rotation: 1.7505416, -0.40574032, 6.0974293
