MutagenObjectType: PlacedObject
FormKey: 0010A4:CoraCoeMultiversalBookHunter.esm
Base: 02EB7F:Starfield.esm
Position: 67.88299, 91.53168, 18.446545
Rotation: 0.27351433, -0.23244421, 3.4017994
