MutagenObjectType: PlacedObject
FormKey: 0010CA:CoraCoeMultiversalBookHunter.esm
Base: 021706:Starfield.esm
SourcePackIn: 1A3088:Starfield.esm
Scale: 0.81
Position: 48.62795, 66.75796, 18.788614
Rotation: -0.30947512, -0.071543895, 1.6683987
