MutagenObjectType: PlacedObject
FormKey: 0010A6:CoraCoeMultiversalBookHunter.esm
Base: 01D1FC:Starfield.esm
Position: 55.291954, 74.77541, 17.31223
Rotation: 0.27996293, -0.118396774, 2.9925249
