MutagenObjectType: PlacedObject
FormKey: 0010E3:CoraCoeMultiversalBookHunter.esm
Base: 20B20E:Starfield.esm
Scale: 0.91999996
Position: 14.122735, 71.68981, 16.72704
Rotation: 0, -0, 0.5999999
