MutagenObjectType: PlacedObject
FormKey: 0010A5:CoraCoeMultiversalBookHunter.esm
Base: 02EB7F:Starfield.esm
Position: 90.04363, 86.34281, 12.591486
Rotation: -2.7590141, 0.21158688, 6.1386113
