MutagenObjectType: PlacedObject
FormKey: 0010C0:CoraCoeMultiversalBookHunter.esm
Base: 021706:Starfield.esm
SourcePackIn: 026578:Starfield.esm
Scale: 1.14
Position: 13.710762, 60.30716, 21.471321
Rotation: 0.4280905, 0.32689077, 5.5354238
