MutagenObjectType: PlacedObject
FormKey: 0010D3:CoraCoeMultiversalBookHunter.esm
Base: 01D2B6:Starfield.esm
Scale: 1.23
Position: 17.674723, 55.539955, 19.802036
Rotation: -3.1337402, -0.0056413584, 5.179718
