MutagenObjectType: PlacedObject
FormKey: 0010F1:CoraCoeMultiversalBookHunter.esm
Base: 021710:Starfield.esm
SourcePackIn: 02689C:Starfield.esm
Scale: 0.88
Position: 8.770799, 47.809116, 26.2648
Rotation: 0.28184652, -0.10042496, 4.1378183
