MutagenObjectType: PlacedObject
FormKey: 0010FC:CoraCoeMultiversalBookHunter.esm
Base: 00B40F:Starfield.esm
Position: 48.25952, 52.068565, 15.471395
Rotation: -3.1223664, 0.000119137934, 0.3606222
