MutagenObjectType: PlacedObject
FormKey: 0010A3:CoraCoeMultiversalBookHunter.esm
Base: 028D61:Starfield.esm
Position: 45.345787, 99.93455, 21.915209
Rotation: 0.4339291, -0.16268945, 0.18440057
