MutagenObjectType: PlacedObject
FormKey: 0010D9:CoraCoeMultiversalBookHunter.esm
Base: 00B414:Starfield.esm
Scale: 0.82
Position: 0.9696084, 83.06671, 27.240213
Rotation: 0.65492326, 0.15871099, 0.9914452
