MutagenObjectType: PlacedObject
FormKey: 0010B4:CoraCoeMultiversalBookHunter.esm
Base: 23CF65:Starfield.esm
SourcePackIn: 093DDF:Starfield.esm
Position: 54.907005, 76.93349, 22.149536
Rotation: -0.27400845, -0.050188452, 4.4277773
