MutagenObjectType: PlacedObject
FormKey: 00109F:CoraCoeMultiversalBookHunter.esm
Base: 01D1F6:Starfield.esm
Scale: 1.22
Position: 9.855621, 59.660595, 32.60622
Rotation: 2.9673843, -0.44205225, 5.467188
