MutagenObjectType: PlacedObject
FormKey: 0010E1:CoraCoeMultiversalBookHunter.esm
Base: 01D2B6:Starfield.esm
Scale: 1.5799999
Position: 20.090242, 83.25252, 24.64653
Rotation: -3.140962, 0.07436513, 3.8909135
