MutagenObjectType: PlacedObject
FormKey: 0010AF:CoraCoeMultiversalBookHunter.esm
Base: 23CF65:Starfield.esm
SourcePackIn: 093DDF:Starfield.esm
Position: 91.01679, 41.37825, 28.332703
Rotation: 0.08763904, 0.29961377, 6.233961
