MutagenObjectType: PlacedObject
FormKey: 0010ED:CoraCoeMultiversalBookHunter.esm
Base: 1A31EF:Starfield.esm
SourcePackIn: 02689C:Starfield.esm
Position: 6.9388623, 51.846333, 24.291458
Rotation: 0.3882481, 0.1275433, 2.4052255
