MutagenObjectType: PlacedObject
FormKey: 0010AA:CoraCoeMultiversalBookHunter.esm
Base: 23CF65:Starfield.esm
SourcePackIn: 093DDF:Starfield.esm
Position: 36.739822, 45.77306, 23.746216
Rotation: -0.27765602, -0.26993364, 5.6476064
