MutagenObjectType: PlacedObject
FormKey: 0010AC:CoraCoeMultiversalBookHunter.esm
Base: 23CF65:Starfield.esm
SourcePackIn: 093DDF:Starfield.esm
Position: 38.46928, 50.81799, 22.812988
Rotation: 0.047710102, 0.40414247, 0.23577964
