MutagenObjectType: PlacedObject
FormKey: 0010A1:CoraCoeMultiversalBookHunter.esm
Base: 01D2B6:Starfield.esm
Scale: 1.22
Position: 8.171771, 80.96905, 30.503695
Rotation: -2.905477, 0.00930209, 1.2443372
