MutagenObjectType: PlacedObject
FormKey: 0010E6:CoraCoeMultiversalBookHunter.esm
Base: 021710:Starfield.esm
SourcePackIn: 02689C:Starfield.esm
Scale: 0.88
Position: 2.417886, 36.479694, 28.904676
Rotation: 0.1780831, 0.039347015, 4.712389
