MutagenObjectType: PlacedObject
FormKey: 0010BD:CoraCoeMultiversalBookHunter.esm
Base: 00B423:Starfield.esm
SourcePackIn: 1A30F4:Starfield.esm
Scale: 0.89
Position: 35.050423, 47.223682, 22.77409
Rotation: -0.26303363, 0.019838752, 1.1483655
