MutagenObjectType: PlacedObject
FormKey: 0010B1:CoraCoeMultiversalBookHunter.esm
Base: 23CF65:Starfield.esm
SourcePackIn: 093DDF:Starfield.esm
Position: 92.805115, 41.129845, 28.326843
Rotation: 0.25623724, -0.046215553, 0.23289013
