MutagenObjectType: PlacedObject
FormKey: 0010DD:CoraCoeMultiversalBookHunter.esm
Base: 01D1FC:Starfield.esm
Scale: 1.3399999
Position: 14.907253, 82.76152, 23.200644
Rotation: 0.14638393, 0.11762359, 0.80557555
