MutagenObjectType: PlacedObject
FormKey: 0010D1:CoraCoeMultiversalBookHunter.esm
Base: 02EC61:Starfield.esm
SourcePackIn: 1A3088:Starfield.esm
Scale: 0.59
Position: 48.717106, 82.16661, 22.402193
Rotation: 0.17843494, -0.12410739, 0.93445224
