MutagenObjectType: PlacedObject
FormKey: 001131:CoraCoeMultiversalBookHunter.esm
Base: 021710:Starfield.esm
SourcePackIn: 1A3113:Starfield.esm
Scale: 1.09
Position: 48.79839, 40.799007, 27.421825
Rotation: 0.42626822, 0.079855874, 3.6744244
