MutagenObjectType: PlacedObject
FormKey: 001122:CoraCoeMultiversalBookHunter.esm
Base: 00B40F:Starfield.esm
Position: 78.24222, 58.140354, 16.154438
Rotation: -2.8610616, -0.036134724, 2.7899606
