MutagenObjectType: PlacedObject
FormKey: 00114E:CoraCoeMultiversalBookHunter.esm
Base: 0001F8:Starfield.esm
Position: 32.163074, 65.23362, 19.596043
Rotation: 0, -0, 5.1831856
