MutagenObjectType: PlacedObject
FormKey: 00111F:CoraCoeMultiversalBookHunter.esm
Base: 00B422:Starfield.esm
SourcePackIn: 01EC07:Starfield.esm
Scale: 1.1999999
Position: 76.78105, 47.729492, 25.636631
Rotation: 0.28499725, 0.042147733, 1.1122056
