MutagenObjectType: PlacedObject
FormKey: 00114C:CoraCoeMultiversalBookHunter.esm
Base: 02EC5F:Starfield.esm
Scale: 0.88
Position: 6.423353, 29.940094, 28.365093
Rotation: -0.04520764, 0.17670019, 3.1048706
