MutagenObjectType: PlacedObject
FormKey: 001109:CoraCoeMultiversalBookHunter.esm
XALG: 0x0400000000000000
Base: 01D2B6:Starfield.esm
Position: 31.48687, 47.98816, 21.127924
Rotation: -3.1213257, 0.031069776, 6.2568355
