MutagenObjectType: PlacedObject
FormKey: 00112A:CoraCoeMultiversalBookHunter.esm
Base: 021710:Starfield.esm
SourcePackIn: 1A30EF:Starfield.esm
Scale: 0.87
Position: 67.453705, 41.564774, 27.027128
Rotation: 0.62617224, -0.14505495, 4.667409
