MutagenObjectType: PlacedObject
FormKey: 001113:CoraCoeMultiversalBookHunter.esm
Base: 2C5606:Starfield.esm
Layer: 1681B4:Starfield.esm
Position: 95.69801, 76.90213, 13.2857275
Rotation: 0, 0, 4.712389
