MutagenObjectType: PlacedObject
FormKey: 001144:CoraCoeMultiversalBookHunter.esm
Base: 01D20A:Starfield.esm
SourcePackIn: 02B141:Starfield.esm
Scale: 0.89
Position: 38.299294, 18.111835, 33.535587
Rotation: 0.18623395, -0.16524547, 5.240135
