MutagenObjectType: PlacedObject
FormKey: 001101:CoraCoeMultiversalBookHunter.esm
Base: 00B412:Starfield.esm
Position: 37.572266, 78.950905, 18.48186
Rotation: 0.26054776, -0.16059282, 0.34849867
