MutagenObjectType: PlacedObject
FormKey: 001114:CoraCoeMultiversalBookHunter.esm
Base: 028D6A:Starfield.esm
Position: 19, 66.25, 19
Rotation: 0.24204467, 0.14299434, 4.2068663
