MutagenObjectType: PlacedObject
FormKey: 00114D:CoraCoeMultiversalBookHunter.esm
Base: 029AF5:Starfield.esm
Scale: 0.88
Position: 18.69877, 26.99701, 30.165892
Rotation: -0.008825334, 0.18212181, 3.30807
