MutagenObjectType: PlacedObject
FormKey: 001135:CoraCoeMultiversalBookHunter.esm
Base: 02EC6F:Starfield.esm
Scale: 1.0699999
Position: 83.35968, 67.46448, 15.138755
Rotation: 0.15108405, 0.05224795, 3.1527545
