MutagenObjectType: PlacedObject
FormKey: 001102:CoraCoeMultiversalBookHunter.esm
Base: 00B40F:Starfield.esm
Position: 32.706314, 52.68079, 17.5
Rotation: -3.1223667, 0.00011903916, 6.2769933
