MutagenObjectType: PlacedObject
FormKey: 001100:CoraCoeMultiversalBookHunter.esm
Base: 01D2B6:Starfield.esm
Position: 37.477703, 71.213585, 17.865807
Rotation: 3.102285, -0.10880414, 2.1184552
