MutagenObjectType: PlacedObject
FormKey: 001148:CoraCoeMultiversalBookHunter.esm
Base: 1A31BB:Starfield.esm
SourcePackIn: 1A3103:Starfield.esm
Scale: 0.88
Position: 46.689903, 17.020403, 33.625534
Rotation: 0.45028368, -0.09205765, 4.663968
