MutagenObjectType: PlacedObject
FormKey: 00111A:CoraCoeMultiversalBookHunter.esm
Base: 00B412:Starfield.esm
Position: 4.9096174, 62.058556, 17.5
Rotation: -0.009613793, 0.016649786, 1.2471178
