MutagenObjectType: PlacedObject
FormKey: 001137:CoraCoeMultiversalBookHunter.esm
Base: 00B42C:Starfield.esm
SourcePackIn: 02B141:Starfield.esm
Scale: 0.89
Position: 90.82535, 71.17351, 13.681531
Rotation: 0.4258994, 0.154115, 2.6946993
