MutagenObjectType: PlacedObject
FormKey: 00112E:CoraCoeMultiversalBookHunter.esm
Base: 028D63:Starfield.esm
SourcePackIn: 0743E9:Starfield.esm
Scale: 0.89
Position: 68.56163, 53.110714, 23.708302
Rotation: 0.347381, 0.061799943, 5.7445593
