MutagenObjectType: PlacedObject
FormKey: 00114B:CoraCoeMultiversalBookHunter.esm
Base: 00B423:Starfield.esm
SourcePackIn: 1A3100:Starfield.esm
Scale: 1.17
Position: 13.569977, 29.483212, 29.329931
Rotation: 0.025654662, -0.124716654, 0.880359
