MutagenObjectType: PlacedObject
FormKey: 001123:CoraCoeMultiversalBookHunter.esm
Base: 021239:Starfield.esm
Position: 73.62659, 53.660088, 22.476603
Rotation: -2.9994557, -0.0523003, 3.3421946
