MutagenObjectType: PlacedObject
FormKey: 001140:CoraCoeMultiversalBookHunter.esm
Base: 00B42C:Starfield.esm
SourcePackIn: 1A310C:Starfield.esm
Scale: 1.1999999
Position: 46.08218, 39.40749, 27.361404
Rotation: 0.50792193, 0.07664439, 5.02219
