MutagenObjectType: PlacedObject
FormKey: 001108:CoraCoeMultiversalBookHunter.esm
XALG: 0x0400000000000000
Base: 01D2B6:Starfield.esm
Position: 27.010103, 49.47358, 22.188534
Rotation: -3.140962, 0.074365094, 4.2577286
