MutagenObjectType: PlacedObject
FormKey: 001115:CoraCoeMultiversalBookHunter.esm
XALG: 0x0400000000000000
Base: 028D6C:Starfield.esm
Position: 20.37706, 64.19429, 18.859352
Rotation: 0.013595553, 0.01359429, 3.338883
