MutagenObjectType: PlacedObject
FormKey: 00114F:CoraCoeMultiversalBookHunter.esm
Base: 1A31B6:Starfield.esm
Scale: 0.88
Position: 36.302025, 20.854153, 32.849735
Rotation: 0.43997756, -0.13514502, 4.7548027
