MutagenObjectType: PlacedObject
FormKey: 00112D:CoraCoeMultiversalBookHunter.esm
Base: 00B424:Starfield.esm
SourcePackIn: 0743E9:Starfield.esm
Scale: 0.89
Position: 65.90512, 51.084206, 23.948475
Rotation: 0.504061, -0.13924961, 4.965283
