MutagenObjectType: PlacedObject
FormKey: 001118:CoraCoeMultiversalBookHunter.esm
Base: 00B412:Starfield.esm
Position: 14.863611, 48.72192, 24.68569
Rotation: -0.006745725, -0.046152234, 1.0055139
