MutagenObjectType: PlacedObject
FormKey: 001132:CoraCoeMultiversalBookHunter.esm
Base: 021713:Starfield.esm
SourcePackIn: 1A3113:Starfield.esm
Scale: 1.3399999
Position: 48.689144, 47.024353, 24.681711
Rotation: 0.38927585, 0.08113689, 0.8731341
