MutagenObjectType: PlacedObject
FormKey: 00113B:CoraCoeMultiversalBookHunter.esm
Base: 22F881:Starfield.esm
SourcePackIn: 01EC6A:Starfield.esm
Position: 88.54522, 51.776253, 23.989492
Rotation: 0.38924238, -0.10800015, 4.4492908
