MutagenObjectType: PlacedObject
FormKey: 001DB8:CoraCoeMultiversalBookHunter.esm
MajorRecordFlagsRaw: 1024
StarfieldMajorRecordFlags:
- 0x400
Base: 000034:Starfield.esm
Layer: 2B3CB6:Starfield.esm
Position: 5.9487004, 2.8087692, 16.577759
Rotation: 0.073373444, 0.06773332, 0.8860594
