MutagenObjectType: PlacedObject
FormKey: 001C92:CoraCoeMultiversalBookHunter.esm
Base: 02EB85:Starfield.esm
Layer: 001DC5:CoraCoeMultiversalBookHunter.esm
Position: 90.533066, 36.20231, 14.580394
Rotation: 3.03336, -0.078835465, 1.296612
