MutagenObjectType: PlacedObject
FormKey: 001CC4:CoraCoeMultiversalBookHunter.esm
MajorRecordFlagsRaw: 256
StarfieldMajorRecordFlags:
- 0x100
Components:
- MutagenObjectType: ContactShadowComponent
  Items:
  - Unknown1: 0.009
    Unknown2: 3
    Unknown3: 10
    Unknown4: 0.2
    Unknown5: 0.06
Base: 0BC300:Starfield.esm
Radius: 10.963264
Lighting:
  Fov90PlusMinus: -30
  Fade1PlusMinus: 0.43957514
  EndDistanceCap: 8
  ShadowDepthBias: 0.15
  Unknown1: 2880154539
  Unknown2: 2880154368
LightBarndoorData:
  Data: 0x00000000000000000000000000000000000000000000ABAB
LightArea:
  Data: 0x0000003FCDCCCCBE000000000000003E
LightStaticShadowMap: False
LightColors:
- UnknownColor: '#36FA96'
  Unknown: -6076575255718002688
Layer: 0518DA:Starfield.esm
Position: 33.221325, 24.096197, 13.713066
Rotation: 0.24651687, 0.08218902, 3.0627706
