MutagenObjectType: PlacedObject
FormKey: 001CA8:CoraCoeMultiversalBookHunter.esm
Base: 088C81:Starfield.esm
Layer: 001DC3:CoraCoeMultiversalBookHunter.esm
Scale: 0.53999996
Position: 26.57863, 38.90781, 13.97308
Rotation: 0.0368361, -0.19133331, 6.2761774
