MutagenObjectType: PlacedObject
FormKey: 001C7E:CoraCoeMultiversalBookHunter.esm
Base: 17CDCC:Starfield.esm
Layer: 001DC3:CoraCoeMultiversalBookHunter.esm
Position: 46.986977, 25.927608, 11.412424
Rotation: 0.5858809, 0.22759038, 0.10847595
