MutagenObjectType: PlacedObject
FormKey: 001CC6:CoraCoeMultiversalBookHunter.esm
Base: 26BA65:Starfield.esm
Layer: 001DC1:CoraCoeMultiversalBookHunter.esm
Position: 6.0271473, 15.347464, 9.715202
Rotation: 0.4393678, -0.15265702, 4.712389
