MutagenObjectType: PlacedObject
FormKey: 001CFA:CoraCoeMultiversalBookHunter.esm
Base: 02EB87:Starfield.esm
Layer: 001DC5:CoraCoeMultiversalBookHunter.esm
Position: 66.34437, 43.384613, 23.268211
Rotation: -2.9489853, 0.12567732, 5.8346
