MutagenObjectType: PlacedObject
FormKey: 001C66:CoraCoeMultiversalBookHunter.esm
Base: 02EB89:Starfield.esm
Layer: 001DC5:CoraCoeMultiversalBookHunter.esm
Position: 70.911705, 7.573069, 4.65025
Rotation: 0.057937454, -0.099844135, 2.8385644
