MutagenObjectType: PlacedObject
FormKey: 001CA4:CoraCoeMultiversalBookHunter.esm
Base: 133252:Starfield.esm
Layer: 001DC3:CoraCoeMultiversalBookHunter.esm
Scale: 1.29
Position: 29.082731, 39.745064, 13.707539
Rotation: -0.13254154, -0.084685326, 4.712389
