MutagenObjectType: PlacedObject
FormKey: 001CF7:CoraCoeMultiversalBookHunter.esm
Base: 029AE7:Starfield.esm
Layer: 001DC9:CoraCoeMultiversalBookHunter.esm
Scale: 1.3299999
Position: 53.33155, 66.25024, 34.097305
Rotation: 0.06941533, -0.15462373, 1.9510834
