MutagenObjectType: PlacedObject
FormKey: 001C96:CoraCoeMultiversalBookHunter.esm
Base: 156920:Starfield.esm
Layer: 001DC5:CoraCoeMultiversalBookHunter.esm
Position: 80.85442, 15.722702, -3.1424155
Rotation: 0.058004003, -0.028237827, 0.29030505
