MutagenObjectType: PlacedObject
FormKey: 001C65:CoraCoeMultiversalBookHunter.esm
Base: 1F003B:Starfield.esm
Layer: 001DC3:CoraCoeMultiversalBookHunter.esm
Position: 25.524513, 38.771763, 14.741233
Rotation: -2.298872, -1.2724692, 2.0366406
