MutagenObjectType: PlacedObject
FormKey: 001C98:CoraCoeMultiversalBookHunter.esm
Base: 17DFF1:Starfield.esm
Layer: 001DC5:CoraCoeMultiversalBookHunter.esm
Position: 41.620625, 55.12434, 21.466112
Rotation: 0.116986245, -0.06385544, 3.656222
