MutagenObjectType: PlacedObject
FormKey: 001CAA:CoraCoeMultiversalBookHunter.esm
Base: 088C81:Starfield.esm
Layer: 001DC3:CoraCoeMultiversalBookHunter.esm
Scale: 0.53999996
Position: 28.18704, 39.38525, 13.682919
Rotation: 0.032264546, -0.073238835, 6.2808237
