MutagenObjectType: PlacedObject
FormKey: 001CC1:CoraCoeMultiversalBookHunter.esm
Base: 28B376:Starfield.esm
Layer: 001DC3:CoraCoeMultiversalBookHunter.esm
Position: 32.006714, 34.31333, 11.605614
Rotation: 0.0013797313, -0.091906995, 5.7541904
