MutagenObjectType: PlacedObject
FormKey: 001CB1:CoraCoeMultiversalBookHunter.esm
Base: 16161A:Starfield.esm
Layer: 001DC3:CoraCoeMultiversalBookHunter.esm
Position: 35.37222, 30.55847, 11.377121
Rotation: 1.7127938, -0.80916905, 3.620697
