MutagenObjectType: PlacedObject
FormKey: 001C62:CoraCoeMultiversalBookHunter.esm
Base: 03EDC8:Starfield.esm
Layer: 001DC3:CoraCoeMultiversalBookHunter.esm
Position: 32.936718, 37.009758, 12.179627
Rotation: -0.18528342, 0.16713142, 4.709676
