MutagenObjectType: PlacedObject
FormKey: 001C63:CoraCoeMultiversalBookHunter.esm
Base: 0AF400:Starfield.esm
Layer: 001DC3:CoraCoeMultiversalBookHunter.esm
Position: 31.673546, 33.93657, 11.630284
Rotation: 0.01178448, -0.095161386, 5.738933
