MutagenObjectType: PlacedObject
FormKey: 001C8F:CoraCoeMultiversalBookHunter.esm
Base: 01C3BE:Starfield.esm
Layer: 001DC5:CoraCoeMultiversalBookHunter.esm
Position: 34.836792, 18.56221, 12.543722
Rotation: 3.126239, 0.041690424, 2.9209592
