MutagenObjectType: PlacedObject
FormKey: 001C97:CoraCoeMultiversalBookHunter.esm
Base: 02EB85:Starfield.esm
Layer: 001DC5:CoraCoeMultiversalBookHunter.esm
Scale: 1.35
Position: 22.68377, 67.05835, 22.392607
Rotation: -0.0013987484, 0.032816947, 3.8799763
