MutagenObjectType: PlacedObject
FormKey: 001CB9:CoraCoeMultiversalBookHunter.esm
Base: 16161A:Starfield.esm
Layer: 001DC3:CoraCoeMultiversalBookHunter.esm
Position: 29.033718, 25.37769, 12.210687
Rotation: -1.4090391, 1.1644512, 0.3364438
