MutagenObjectType: PlacedObject
FormKey: 001C70:CoraCoeMultiversalBookHunter.esm
Base: 324542:Starfield.esm
Layer: 001DC3:CoraCoeMultiversalBookHunter.esm
Position: 27.68138, 40.398613, 13.923316
Rotation: -0.21298452, -0.118388735, 0.2292034
