MutagenObjectType: PlacedObject
FormKey: 001CAC:CoraCoeMultiversalBookHunter.esm
Base: 088C81:Starfield.esm
Layer: 001DC3:CoraCoeMultiversalBookHunter.esm
Scale: 0.53999996
Position: 29.745363, 27.986881, 11.8706455
Rotation: 0.0955752, -0.029918801, 4.712389
