MutagenObjectType: PlacedObject
FormKey: 001CF5:CoraCoeMultiversalBookHunter.esm
Base: 01C3BE:Starfield.esm
Layer: 001DC5:CoraCoeMultiversalBookHunter.esm
Position: 25.46291, 21.230509, 12.389462
Rotation: -2.9766052, 0.017484378, 5.480491
