MutagenObjectType: PlacedObject
FormKey: 001C6C:CoraCoeMultiversalBookHunter.esm
Base: 28B378:Starfield.esm
Layer: 001DC3:CoraCoeMultiversalBookHunter.esm
Scale: 0.72999996
Position: 28.852388, 26.093983, 12.157573
Rotation: 0.08884287, -0.046893153, 4.712389
