MutagenObjectType: PlacedObject
FormKey: 001CF9:CoraCoeMultiversalBookHunter.esm
Base: 02EB89:Starfield.esm
Layer: 001DC5:CoraCoeMultiversalBookHunter.esm
Position: 68.95105, 44.43508, 27.816862
Rotation: -3.0795994, 0.048233707, 6.0133204
