MutagenObjectType: PlacedObject
FormKey: 001C61:CoraCoeMultiversalBookHunter.esm
Base: 39C9D9:Starfield.esm
Layer: 001DC3:CoraCoeMultiversalBookHunter.esm
Position: 37.09987, 33.860023, 12.519514
Rotation: 1.4938495, 0.27990127, 1.679723
