MutagenObjectType: PlacedObject
FormKey: 001C73:CoraCoeMultiversalBookHunter.esm
Base: 0991B0:Starfield.esm
Layer: 001DC3:CoraCoeMultiversalBookHunter.esm
Position: 26.523243, 39.72407, 13.916034
Rotation: 0.031402122, 0.23128185, 4.899048
