MutagenObjectType: PlacedObject
FormKey: 001CB6:CoraCoeMultiversalBookHunter.esm
Base: 161619:Starfield.esm
Layer: 001DC3:CoraCoeMultiversalBookHunter.esm
Position: 32.28088, 28.468336, 11.830938
Rotation: -1.5327411, -0.46397552, 6.2417006
