MutagenObjectType: PlacedObject
FormKey: 001C7A:CoraCoeMultiversalBookHunter.esm
Base: 2A3249:Starfield.esm
Layer: 001DC3:CoraCoeMultiversalBookHunter.esm
Position: 29.305836, 34.6288, 11.80511
Rotation: -0.047204647, -0.08167747, 0.9026839
