MutagenObjectType: PlacedObject
FormKey: 001CA0:CoraCoeMultiversalBookHunter.esm
Base: 02EB81:Starfield.esm
Layer: 001DC5:CoraCoeMultiversalBookHunter.esm
Position: 12.008587, 49.47452, 8.681771
Rotation: -1.0605049, -0.71223336, 5.017412
