MutagenObjectType: PlacedObject
FormKey: 001C8A:CoraCoeMultiversalBookHunter.esm
Base: 06CC9F:Starfield.esm
Layer: 001DC3:CoraCoeMultiversalBookHunter.esm
Position: 28.981941, 27.923958, 11.899631
Rotation: 0.0955752, -0.029918801, 4.712389
