MutagenObjectType: PlacedObject
FormKey: 001C9B:CoraCoeMultiversalBookHunter.esm
Base: 17DFFA:Starfield.esm
Layer: 001DC5:CoraCoeMultiversalBookHunter.esm
Position: 25.555017, 48.692024, 12
Rotation: 0.004834229, -0.047827132, 0.07744416
