MutagenObjectType: PlacedObject
FormKey: 001CC2:CoraCoeMultiversalBookHunter.esm
Base: 016B82:Starfield.esm
Layer: 001DC3:CoraCoeMultiversalBookHunter.esm
Position: 27.623425, 33.88028, 11.911037
Rotation: -0.15889448, -0.11148372, 3.4496443
