MutagenObjectType: PlacedObject
FormKey: 001CB5:CoraCoeMultiversalBookHunter.esm
Base: 16161A:Starfield.esm
Layer: 001DC3:CoraCoeMultiversalBookHunter.esm
Position: 32.04507, 28.410654, 11.813354
Rotation: -1.5055392, 0.21874851, 0.20183697
