MutagenObjectType: PlacedObject
FormKey: 001C8C:CoraCoeMultiversalBookHunter.esm
Base: 01C3BB:Starfield.esm
Layer: 001DC5:CoraCoeMultiversalBookHunter.esm
Position: 77.56931, 39.11451, 20.192118
Rotation: -0.2296401, 0.3375873, 2.459275
