MutagenObjectType: PlacedObject
FormKey: 001C6E:CoraCoeMultiversalBookHunter.esm
Base: 1E28F8:Starfield.esm
Layer: 001DC6:CoraCoeMultiversalBookHunter.esm
Position: 30.835258, 25.262403, 12.847494
Rotation: -0.0073062507, -0.05800434, 3.0429714
