MutagenObjectType: PlacedObject
FormKey: 001C95:CoraCoeMultiversalBookHunter.esm
Base: 156920:Starfield.esm
Layer: 001DC5:CoraCoeMultiversalBookHunter.esm
Position: 61.638515, 47.125263, 28.962627
Rotation: -3.1106367, -0.037453286, 0.47809628
