MutagenObjectType: PlacedObject
FormKey: 001CBB:CoraCoeMultiversalBookHunter.esm
Base: 16161A:Starfield.esm
Layer: 001DC3:CoraCoeMultiversalBookHunter.esm
Position: 32.64802, 27.82166, 11.887864
Rotation: -0.8391241, 1.457376, 1.2112737
