MutagenObjectType: PlacedObject
FormKey: 001CA1:CoraCoeMultiversalBookHunter.esm
Base: 02EB85:Starfield.esm
Layer: 001DC5:CoraCoeMultiversalBookHunter.esm
Scale: 0.5
Position: 74.91756, 1.5385314, 4.8588824
Rotation: -0.09626151, 0.072227225, 0.13591906
