MutagenObjectType: PlacedObject
FormKey: 001C5F:CoraCoeMultiversalBookHunter.esm
Base: 315E4C:Starfield.esm
Layer: 001DC3:CoraCoeMultiversalBookHunter.esm
Position: 27.521442, 40.2989, 14.472483
Rotation: -0.21297151, -0.11838866, 4.712389
