MutagenObjectType: PlacedObject
FormKey: 001C67:CoraCoeMultiversalBookHunter.esm
Base: 2835A1:Starfield.esm
Layer: 1681B4:Starfield.esm
Position: 84.72436, 16.368042, 13.677975
Rotation: 0, -0, 4.712389
