MutagenObjectType: PlacedObject
FormKey: 001CD2:CoraCoeMultiversalBookHunter.esm
Base: 23CF65:Starfield.esm
Layer: 001DC1:CoraCoeMultiversalBookHunter.esm
Position: 72.36284, 92.25592, 19.168709
Rotation: 0.3503249, -0.107955374, 4.712389
