MutagenObjectType: PlacedObject
FormKey: 001C80:CoraCoeMultiversalBookHunter.esm
Base: 1F5655:Starfield.esm
ConstrainedDecal: 3.70615, 2.5137138, 0.75
Layer: 001DC4:CoraCoeMultiversalBookHunter.esm
Position: 31.17276, 25.727915, 11.977268
Rotation: -3.0804834, 0.07643573, 0.0046721296
