MutagenObjectType: PlacedObject
FormKey: 001CAE:CoraCoeMultiversalBookHunter.esm
Base: 088C81:Starfield.esm
Layer: 001DC3:CoraCoeMultiversalBookHunter.esm
Scale: 0.53999996
Position: 34.019463, 27.785353, 11.705462
Rotation: 0.0076537332, -0.063746504, 6.2826977
