MutagenObjectType: PlacedObject
FormKey: 001C9D:CoraCoeMultiversalBookHunter.esm
Base: 02EB89:Starfield.esm
Layer: 001DC5:CoraCoeMultiversalBookHunter.esm
Position: 37.860767, 3.6910126, 6.1452007
Rotation: -0.0693602, -0.036999386, 4.1729145
