MutagenObjectType: PlacedObject
FormKey: 001C78:CoraCoeMultiversalBookHunter.esm
Base: 03FD2F:Starfield.esm
Layer: 001DC3:CoraCoeMultiversalBookHunter.esm
Scale: 0.83
Position: 25.706081, 39.871376, 14.153073
Rotation: -0.06822932, -0.2976432, 4.9024754
