MutagenObjectType: PlacedObject
FormKey: 001CD5:CoraCoeMultiversalBookHunter.esm
Base: 23CF65:Starfield.esm
Layer: 001DC1:CoraCoeMultiversalBookHunter.esm
Position: 75.61798, 74.064514, 27.06377
Rotation: 0.41644827, -0.27430227, 4.712389
