MutagenObjectType: PlacedObject
FormKey: 001CDC:CoraCoeMultiversalBookHunter.esm
Base: 23CF65:Starfield.esm
Layer: 001DC1:CoraCoeMultiversalBookHunter.esm
Position: 80.24819, 68.78435, 28.328342
Rotation: 0.67942446, -0.13383876, 4.712389
