MutagenObjectType: PlacedObject
FormKey: 001CA5:CoraCoeMultiversalBookHunter.esm
Base: 3CC325:Starfield.esm
Layer: 001DC3:CoraCoeMultiversalBookHunter.esm
Position: 32.180595, 34.6354, 12.065122
Rotation: 0.0005654862, -0.045370556, 0.2996861
