MutagenObjectType: PlacedObject
FormKey: 001CDB:CoraCoeMultiversalBookHunter.esm
Base: 26BA65:Starfield.esm
Layer: 001DC1:CoraCoeMultiversalBookHunter.esm
Position: 79.226814, 64.66756, 31.618252
Rotation: 0.56547254, -0.1741207, 4.712389
