MutagenObjectType: PlacedObject
FormKey: 001CBE:CoraCoeMultiversalBookHunter.esm
Base: 2AC95E:Starfield.esm
Layer: 001DC3:CoraCoeMultiversalBookHunter.esm
Position: 28.718779, 25.642502, 12.385923
Rotation: -2.873901, 0.37343264, 0.71946305
