MutagenObjectType: PlacedObject
FormKey: 001CA7:CoraCoeMultiversalBookHunter.esm
Base: 088C81:Starfield.esm
Layer: 001DC3:CoraCoeMultiversalBookHunter.esm
Scale: 0.53999996
Position: 31.417671, 33.21593, 11.63195
Rotation: -0.0065146307, -0.07450657, 0.0004849406
