MutagenObjectType: PlacedObject
FormKey: 001C93:CoraCoeMultiversalBookHunter.esm
Base: 02EB81:Starfield.esm
Layer: 001DC5:CoraCoeMultiversalBookHunter.esm
Scale: 0.78999996
Position: 81.423004, 24.59296, 19.003342
Rotation: 1.55645, -0.39498228, 4.571617
