MutagenObjectType: PlacedObject
FormKey: 001CD3:CoraCoeMultiversalBookHunter.esm
Base: 26BA65:Starfield.esm
Layer: 001DC1:CoraCoeMultiversalBookHunter.esm
Position: 5.1403008, 78.850365, 34.077473
Rotation: 0.18997942, -0.2683307, 6.232251
