MutagenObjectType: PlacedObject
FormKey: 001C9E:CoraCoeMultiversalBookHunter.esm
Base: 02EB85:Starfield.esm
Layer: 001DC5:CoraCoeMultiversalBookHunter.esm
Position: 78.849365, 46.13281, 34.06388
Rotation: -3.0820851, 0.051270004, 5.9633503
