MutagenObjectType: PlacedObject
FormKey: 001C91:CoraCoeMultiversalBookHunter.esm
Base: 02EB81:Starfield.esm
Layer: 001DC5:CoraCoeMultiversalBookHunter.esm
Scale: 0.75
Position: 35.141968, 72.73827, 25.82169
Rotation: -0.06164367, 0.041669134, 0.26891407
