MutagenObjectType: PlacedObject
FormKey: 001CE1:CoraCoeMultiversalBookHunter.esm
Base: 1C090B:Starfield.esm
Layer: 001DC1:CoraCoeMultiversalBookHunter.esm
Position: 56.3799, 79.82741, 26.862438
Rotation: 0.44815055, -0.054022532, 4.712389
