MutagenObjectType: PlacedObject
FormKey: 001C7F:CoraCoeMultiversalBookHunter.esm
Base: 17E01B:Starfield.esm
Layer: 001DC3:CoraCoeMultiversalBookHunter.esm
Position: 39.78955, 27.751343, 10.889722
Rotation: 0.20565279, -1.2678306, 1.3556061
