MutagenObjectType: PlacedObject
FormKey: 001C89:CoraCoeMultiversalBookHunter.esm
Base: 06CC9F:Starfield.esm
Layer: 001DC3:CoraCoeMultiversalBookHunter.esm
Position: 27.449675, 27.246708, 12.049248
Rotation: 0.12735346, -0.07942159, 4.712389
