MutagenObjectType: PlacedObject
FormKey: 001C7C:CoraCoeMultiversalBookHunter.esm
Base: 1BF52D:Starfield.esm
Layer: 001DC3:CoraCoeMultiversalBookHunter.esm
Position: 29.467964, 27.38509, 11.916469
Rotation: 0.11293098, -0.0634603, 1.2125839
