MutagenObjectType: PlacedObject
FormKey: 001CAF:CoraCoeMultiversalBookHunter.esm
Base: 16161A:Starfield.esm
Layer: 001DC3:CoraCoeMultiversalBookHunter.esm
Position: 35.12255, 30.618715, 11.249419
Rotation: 1.4141088, 0.38253412, 6.183044
