MutagenObjectType: PlacedObject
FormKey: 001CFB:CoraCoeMultiversalBookHunter.esm
Base: 0196F5:Starfield.esm
Layer: 001DC9:CoraCoeMultiversalBookHunter.esm
Position: 62.51119, 33.865677, 16.844122
Rotation: 0.53068167, -0.114384316, 0.08466005
