MutagenObjectType: PlacedObject
FormKey: 001C6A:CoraCoeMultiversalBookHunter.esm
Base: 029AE5:Starfield.esm
Layer: 001DC9:CoraCoeMultiversalBookHunter.esm
Scale: 0.96999997
Position: 74.714195, 15.09268, 12.843295
Rotation: -3.103717, -0.19863857, 3.9209526
