MutagenObjectType: PlacedObject
FormKey: 001CAB:CoraCoeMultiversalBookHunter.esm
Base: 088C81:Starfield.esm
Layer: 001DC3:CoraCoeMultiversalBookHunter.esm
Scale: 0.39
Position: 28.613333, 25.15804, 12.250845
Rotation: 0.078728594, -0.05900599, 4.712389
