MutagenObjectType: PlacedObject
FormKey: 001CDD:CoraCoeMultiversalBookHunter.esm
Base: 23CF65:Starfield.esm
Layer: 001DC1:CoraCoeMultiversalBookHunter.esm
Position: 49.0006, 4.855137, 15.650936
Rotation: -0.029987067, -0.059901275, 0.0017957212
