MutagenObjectType: PlacedObject
FormKey: 001CC5:CoraCoeMultiversalBookHunter.esm
MajorRecordFlagsRaw: 256
StarfieldMajorRecordFlags:
- 0x100
Components:
- MutagenObjectType: ContactShadowComponent
  Items:
  - Unknown1: 0.009
    Unknown2: 3
    Unknown3: 10
    Unknown4: 0.2
    Unknown5: 0.06
Base: 0BC300:Starfield.esm
Radius: -0.21017599
Lighting:
  Fov90PlusMinus: -30
  Fade1PlusMinus: 0.28713143
  EndDistanceCap: 8
  ShadowDepthBias: 0.0650001
  Unknown1: 2880154539
  Unknown2: 2880154368
LightBarndoorData:
  Data: 0x00000000000000000000000000000000000000000000ABAB
LightArea:
  Data: 0x0000003FCDCCCCBE0000000000000000
LightStaticShadowMap: False
LightVolumetricData: 1
LightColors:
- UnknownColor: '#27F096'
  Unknown: -6076575255718002688
Layer: 0518DA:Starfield.esm
Position: 28.840607, 26.419678, 13.191698
Rotation: 0.25335357, 0.057187352, 3.1608682
