MutagenObjectType: PlacedObject
FormKey: 001C76:CoraCoeMultiversalBookHunter.esm
Base: 17E01B:Starfield.esm
Layer: 001DC3:CoraCoeMultiversalBookHunter.esm
Position: 27.601355, 33.77473, 11.938818
Rotation: -0.005731884, -0.12355547, 3.3715384
