MutagenObjectType: PlacedObject
FormKey: 001CD1:CoraCoeMultiversalBookHunter.esm
Base: 23CF65:Starfield.esm
Layer: 001DC1:CoraCoeMultiversalBookHunter.esm
Position: 58.48782, 89.29532, 22.490215
Rotation: 0.40025148, -0.09183767, 4.712389
