MutagenObjectType: PlacedObject
FormKey: 001C5E:CoraCoeMultiversalBookHunter.esm
Base: 20B986:Starfield.esm
Layer: 001DC3:CoraCoeMultiversalBookHunter.esm
Position: 32.056732, 34.805054, 12.09114
Rotation: 0.014416757, -0.043692414, 2.9407334
