MutagenObjectType: PlacedObject
FormKey: 001CA6:CoraCoeMultiversalBookHunter.esm
Base: 3CC325:Starfield.esm
Layer: 001DC3:CoraCoeMultiversalBookHunter.esm
Position: 32.06253, 34.72164, 12.064171
Rotation: 0.04537251, -0.00037836123, 5.0328755
