MutagenObjectType: PlacedObject
FormKey: 001CB7:CoraCoeMultiversalBookHunter.esm
Base: 16161A:Starfield.esm
Layer: 001DC3:CoraCoeMultiversalBookHunter.esm
Position: 32.88258, 26.330572, 11.796966
Rotation: -1.4914309, -0.7149386, 0.07304409
