MutagenObjectType: PlacedObject
FormKey: 001CDA:CoraCoeMultiversalBookHunter.esm
Base: 26BA65:Starfield.esm
Layer: 001DC1:CoraCoeMultiversalBookHunter.esm
Position: 82.81592, 87.12745, 18.880226
Rotation: 0.41242045, -0.3850012, 6.1203437
