MutagenObjectType: PlacedObject
FormKey: 001CBD:CoraCoeMultiversalBookHunter.esm
Base: 16161A:Starfield.esm
Layer: 001DC3:CoraCoeMultiversalBookHunter.esm
Position: 29.660204, 33.119312, 11.742614
Rotation: -1.4881606, 0.19112848, 0.1568425
