MutagenObjectType: PlacedObject
FormKey: 001CB4:CoraCoeMultiversalBookHunter.esm
Base: 161619:Starfield.esm
Layer: 001DC3:CoraCoeMultiversalBookHunter.esm
Position: 29.113028, 38.659508, 13.626301
Rotation: -1.4707439, 0.5252787, 0.09868211
