MutagenObjectType: PlacedObject
FormKey: 001CD6:CoraCoeMultiversalBookHunter.esm
Base: 23CF65:Starfield.esm
Layer: 001DC1:CoraCoeMultiversalBookHunter.esm
Position: 77.451866, 83.575195, 21.995451
Rotation: 0.4002515, -0.2978564, 4.712389
