MutagenObjectType: PlacedObject
FormKey: 001CC0:CoraCoeMultiversalBookHunter.esm
XALG: 0x0800000000000000
Base: 22BDEF:Starfield.esm
Layer: 001DC3:CoraCoeMultiversalBookHunter.esm
Position: 44.436462, 31.060406, 13.081359
Rotation: -0.43976215, 0.6483952, 2.7662368
