MutagenObjectType: PlacedObject
FormKey: 001CB3:CoraCoeMultiversalBookHunter.esm
Base: 16161A:Starfield.esm
Layer: 001DC3:CoraCoeMultiversalBookHunter.esm
Position: 29.485233, 38.44135, 13.63186
Rotation: -1.5720665, 0.30024853, 0.20173107
