MutagenObjectType: PlacedObject
FormKey: 001CB2:CoraCoeMultiversalBookHunter.esm
Base: 16161A:Starfield.esm
Layer: 001DC3:CoraCoeMultiversalBookHunter.esm
Position: 25.115274, 38.39776, 14.216202
Rotation: -1.5730412, -0.99975, 0.20399529
