MutagenObjectType: PlacedObject
FormKey: 001C7D:CoraCoeMultiversalBookHunter.esm
Base: 1BF52D:Starfield.esm
Layer: 001DC3:CoraCoeMultiversalBookHunter.esm
Position: 29.673794, 24.867609, 12.161161
Rotation: 0.0728296, -0.06562653, 1.4268728
