MutagenObjectType: PlacedObject
FormKey: 001CAD:CoraCoeMultiversalBookHunter.esm
Base: 088C81:Starfield.esm
Layer: 001DC3:CoraCoeMultiversalBookHunter.esm
Scale: 0.53999996
Position: 35.276337, 28.491856, 11.592065
Rotation: -0.022994306, -0.07871286, 0.001808393
