MutagenObjectType: PlacedObject
FormKey: 001CB0:CoraCoeMultiversalBookHunter.esm
Base: 16161A:Starfield.esm
Layer: 001DC3:CoraCoeMultiversalBookHunter.esm
Position: 35.1325, 31.48179, 11.360278
Rotation: -2.96174, -1.5065184, 1.5097708
