MutagenObjectType: PlacedObject
FormKey: 001C77:CoraCoeMultiversalBookHunter.esm
Base: 016B83:Starfield.esm
Layer: 001DC3:CoraCoeMultiversalBookHunter.esm
Position: 27.482376, 25.868626, 12.164967
Rotation: 0.068817616, -0.02694357, 4.7163963
