MutagenObjectType: PlacedObject
FormKey: 001CB8:CoraCoeMultiversalBookHunter.esm
Base: 16161A:Starfield.esm
Layer: 001DC3:CoraCoeMultiversalBookHunter.esm
Position: 27.97538, 27.649654, 11.941632
Rotation: 1.6262938, -0.87509435, 3.2402446
