MutagenObjectType: PlacedObject
FormKey: 001C8E:CoraCoeMultiversalBookHunter.esm
Base: 02EB89:Starfield.esm
Layer: 001DC5:CoraCoeMultiversalBookHunter.esm
Scale: 0.57
Position: 85.691376, 28.530844, 27.542835
Rotation: 0.20787176, 0.011798092, 5.074979
