MutagenObjectType: PlacedObject
FormKey: 001C83:CoraCoeMultiversalBookHunter.esm
Base: 0132D2:Starfield.esm
Layer: 001DC9:CoraCoeMultiversalBookHunter.esm
Scale: 0.71
Position: 36.793602, 28.624222, 11.4208
Rotation: -0.0484129, -0.13448234, 0.0064960155
