MutagenObjectType: PlacedObject
FormKey: 001CA9:CoraCoeMultiversalBookHunter.esm
Base: 088C81:Starfield.esm
Layer: 001DC3:CoraCoeMultiversalBookHunter.esm
Scale: 0.53999996
Position: 28.880856, 39.353863, 13.67261
Rotation: -0.13254154, -0.084685326, 4.712389
