MutagenObjectType: PlacedObject
FormKey: 001CDF:CoraCoeMultiversalBookHunter.esm
Base: 23CF65:Starfield.esm
Layer: 001DC1:CoraCoeMultiversalBookHunter.esm
Position: 42.590935, 3.6100063, 16.124996
Rotation: -0.07982075, 0.019933665, 4.712389
