MutagenObjectType: PlacedObject
FormKey: 001CBC:CoraCoeMultiversalBookHunter.esm
Base: 16161A:Starfield.esm
Layer: 001DC3:CoraCoeMultiversalBookHunter.esm
Position: 32.887333, 25.454056, 11.85824
Rotation: 1.6714869, 0.3016531, 3.5220377
