MutagenObjectType: PlacedObject
FormKey: 001C6F:CoraCoeMultiversalBookHunter.esm
Base: 324541:Starfield.esm
Layer: 001DC3:CoraCoeMultiversalBookHunter.esm
Position: 27.74802, 40.23123, 14.394199
Rotation: -0.212978, -0.11838867, 0.12920326
