MutagenObjectType: PlacedObject
FormKey: 001CBF:CoraCoeMultiversalBookHunter.esm
Base: 00AB5C:Starfield.esm
Layer: 001DC3:CoraCoeMultiversalBookHunter.esm
Position: 26.39073, 39.105167, 14.510208
Rotation: 0.007502699, -0.20381829, 1.584545
