MutagenObjectType: PlacedObject
FormKey: 001CFD:CoraCoeMultiversalBookHunter.esm
Base: 00B432:Starfield.esm
Layer: 001DC9:CoraCoeMultiversalBookHunter.esm
Scale: 1.09
Position: 92.881516, 5.5009546, 2.9690232
Rotation: -0.24766679, -0.36755615, 0.13306458
