MutagenObjectType: PlacedObject
FormKey: 001C7B:CoraCoeMultiversalBookHunter.esm
Base: 17DFF1:Starfield.esm
Layer: 001DC5:CoraCoeMultiversalBookHunter.esm
Scale: 0.64
Position: 85.22312, 4.8110704, 4.9070487
Rotation: -0.02742475, -0.031212095, 1.898696
