MutagenObjectType: PlacedObject
FormKey: 001C9A:CoraCoeMultiversalBookHunter.esm
Base: 15691F:Starfield.esm
Layer: 001DC5:CoraCoeMultiversalBookHunter.esm
Position: 29.60681, 30.616226, 6.106284
Rotation: -0.00448552, -0.06076575, 0.73716867
