MutagenObjectType: PlacedObject
FormKey: 001CBA:CoraCoeMultiversalBookHunter.esm
Base: 16161A:Starfield.esm
Layer: 001DC3:CoraCoeMultiversalBookHunter.esm
Position: 28.592669, 25.939924, 12.289507
Rotation: -1.4994031, 0.46817252, 0.2199166
