MutagenObjectType: PlacedObject
FormKey: 001C86:CoraCoeMultiversalBookHunter.esm
Base: 133252:Starfield.esm
Layer: 001DC3:CoraCoeMultiversalBookHunter.esm
Scale: 1.29
Position: 31.273033, 34.52996, 11.645353
Rotation: 0.05850438, -0.07756321, 5.2326226
