MutagenObjectType: PlacedObject
FormKey: 001C8D:CoraCoeMultiversalBookHunter.esm
Base: 02EB89:Starfield.esm
Layer: 001DC5:CoraCoeMultiversalBookHunter.esm
Scale: 1.09
Position: 92.14768, 43.033955, 17.835102
Rotation: -0.19133353, -0.1998302, 5.2371917
