MutagenObjectType: PlacedObject
FormKey: 001C99:CoraCoeMultiversalBookHunter.esm
Base: 17DFE9:Starfield.esm
Layer: 001DC5:CoraCoeMultiversalBookHunter.esm
Position: 17.487646, 25.741074, -8.526773
Rotation: -0.028949983, -0.05362159, 1.1588092
