MutagenObjectType: PlacedObject
FormKey: 001CCF:CoraCoeMultiversalBookHunter.esm
Base: 1C090B:Starfield.esm
Layer: 001DC1:CoraCoeMultiversalBookHunter.esm
Position: 69.44467, 80.63518, 24.844528
Rotation: 0.42977044, -0.121768676, 4.712389
