MutagenObjectType: PlacedObject
FormKey: 001C9F:CoraCoeMultiversalBookHunter.esm
Base: 02EB81:Starfield.esm
Layer: 001DC5:CoraCoeMultiversalBookHunter.esm
Position: 26.63726, 50.005978, 19.220312
Rotation: 1.5541266, 0.09073364, 1.3247055
