MutagenObjectType: PlacedObject
FormKey: 001C75:CoraCoeMultiversalBookHunter.esm
Base: 17E01A:Starfield.esm
Layer: 001DC3:CoraCoeMultiversalBookHunter.esm
Position: 37.359886, 34.506927, 12.00227
Rotation: -0.02973516, 0.082740664, 4.7073445
