MutagenObjectType: PlacedObject
FormKey: 001CA2:CoraCoeMultiversalBookHunter.esm
Base: 133252:Starfield.esm
Layer: 001DC3:CoraCoeMultiversalBookHunter.esm
Scale: 1.29
Position: 29.167717, 33.401207, 11.854397
Rotation: -0.0063569215, 0.09204504, 2.9088938
