MutagenObjectType: PlacedObject
FormKey: 001C64:CoraCoeMultiversalBookHunter.esm
Base: 209FEC:Starfield.esm
Layer: 001DC3:CoraCoeMultiversalBookHunter.esm
Position: 26.61851, 39.127903, 14.469789
Rotation: 0.01384876, -0.21073693, 5.671199
