MutagenObjectType: PlacedObject
FormKey: 001CE2:CoraCoeMultiversalBookHunter.esm
Base: 23CF65:Starfield.esm
Layer: 001DC1:CoraCoeMultiversalBookHunter.esm
Position: 56.30046, 28.350212, 13.806305
Rotation: -0.38910857, 0.05545819, 4.712389
