MutagenObjectType: PlacedObject
FormKey: 001CE8:CoraCoeMultiversalBookHunter.esm
MajorRecordFlagsRaw: 256
StarfieldMajorRecordFlags:
- 0x100
Components:
- MutagenObjectType: ContactShadowComponent
  Items:
  - Unknown1: 0.009
    Unknown2: 3
    Unknown3: 10
    Unknown4: 0.2
    Unknown5: 0.06
Base: 0BC300:Starfield.esm
Radius: 7.603924
Lighting:
  Fov90PlusMinus: -30
  Fade1PlusMinus: 1.2207065
  EndDistanceCap: 8
  ShadowDepthBias: 0.15
  Unknown1: 2880154539
  Unknown2: 2880154368
LightBarndoorData:
  Data: 0x00000000000000000000000000000000000000000000ABAB
LightArea:
  Data: 0x0000003FCDCCCCBE0000000000000000
LightStaticShadowMap: False
LightVolumetricData: -0.6
LightColors:
- UnknownColor: '#27FA8C'
  Unknown: -6076575255718002688
Layer: 0518DA:Starfield.esm
LightRoundedness:
  Data: 0x0000000000000000000000000000000001ABABAB
Position: 29.445326, 34.54805, 13.321946
Rotation: -0.14230278, -0.2519917, 5.7187943
