MutagenObjectType: PlacedObject
FormKey: 001CA3:CoraCoeMultiversalBookHunter.esm
Base: 133252:Starfield.esm
Layer: 001DC3:CoraCoeMultiversalBookHunter.esm
Scale: 1.29
Position: 28.292393, 39.85453, 13.75013
Rotation: -0.059898436, 0.07750777, 3.5526297
