MutagenObjectType: PlacedObject
FormKey: 001C6D:CoraCoeMultiversalBookHunter.esm
Base: 1E1BED:Starfield.esm
Layer: 001DC6:CoraCoeMultiversalBookHunter.esm
Position: 27.28182, 40.962364, 14.317621
Rotation: -0.055673156, -0.14746101, 0.024202298
