MutagenObjectType: PlacedObject
FormKey: 001C6B:CoraCoeMultiversalBookHunter.esm
Base: 1CC4A7:Starfield.esm
Layer: 001DC3:CoraCoeMultiversalBookHunter.esm
Position: 27.883667, 40.31593, 14.432084
Rotation: 0.09446661, -0.22446932, 3.239065
