MutagenObjectType: PlacedObject
FormKey: 001CD9:CoraCoeMultiversalBookHunter.esm
Base: 26BA65:Starfield.esm
Layer: 001DC1:CoraCoeMultiversalBookHunter.esm
Position: 94.21939, 56.23307, 32.344406
Rotation: 0.119417615, -0.2612057, 6.25221
