MutagenObjectType: PlacedObject
FormKey: 001D98:CoraCoeMultiversalBookHunter.esm
Base: 29FE2F:Starfield.esm
Layer: 001DC3:CoraCoeMultiversalBookHunter.esm
Scale: 1.66
Position: 26.706814, 39.675346, 13.93157
Rotation: 0.031056505, -0.18340659, 6.2795787
