MutagenObjectType: PlacedObject
FormKey: 001D19:CoraCoeMultiversalBookHunter.esm
Base: 02EB89:Starfield.esm
Layer: 001DC5:CoraCoeMultiversalBookHunter.esm
Position: 16.67021, 36.918438, 3.3578386
Rotation: -0.024701733, -0.041242693, 0.71806914
