MutagenObjectType: PlacedObject
FormKey: 001D18:CoraCoeMultiversalBookHunter.esm
Base: 01C3BB:Starfield.esm
Layer: 001DC5:CoraCoeMultiversalBookHunter.esm
Position: 17.328838, 32.123386, 9.358322
Rotation: 3.113447, 0.08845562, 5.5766954
