MutagenObjectType: PlacedObject
FormKey: 001D55:CoraCoeMultiversalBookHunter.esm
Base: 0132D2:Starfield.esm
Layer: 001DC9:CoraCoeMultiversalBookHunter.esm
Position: 48.565063, 30.596706, 14.524084
Rotation: -0.53302497, 0.15380411, 4.712389
