MutagenObjectType: PlacedObject
FormKey: 001D7B:CoraCoeMultiversalBookHunter.esm
Base: 029ADD:Starfield.esm
Layer: 001DC9:CoraCoeMultiversalBookHunter.esm
Scale: 0.96999997
Position: 51.53985, 30.528095, 14.492591
Rotation: -0.46365055, 0.026826378, 4.712389
