MutagenObjectType: PlacedObject
FormKey: 001D26:CoraCoeMultiversalBookHunter.esm
Base: 029AEB:Starfield.esm
SourcePackIn: 02A3E5:Starfield.esm
Layer: 001DC9:CoraCoeMultiversalBookHunter.esm
Scale: 0.97999996
Position: 51.956802, 28.92012, 13.997049
Rotation: 2.7960505, -0.6858092, 1.8271897
