MutagenObjectType: PlacedObject
FormKey: 001D82:CoraCoeMultiversalBookHunter.esm
Base: 211462:Starfield.esm
Layer: 001DC9:CoraCoeMultiversalBookHunter.esm
Scale: 1.89
Position: 39.430687, 22.105186, 12.606028
Rotation: 0.30970982, -0, 4.712389
