MutagenObjectType: PlacedObject
FormKey: 001D05:CoraCoeMultiversalBookHunter.esm
Base: 029AD7:Starfield.esm
SourcePackIn: 19FAEA:Starfield.esm
Layer: 001DC9:CoraCoeMultiversalBookHunter.esm
Scale: 1.1899999
Position: 97.37522, 4.5458217, 4.1202445
Rotation: 0.12311231, -0.46238148, 3.5049179
