MutagenObjectType: PlacedObject
FormKey: 001DA4:CoraCoeMultiversalBookHunter.esm
Base: 0155E1:Starfield.esm
Layer: 001DC3:CoraCoeMultiversalBookHunter.esm
Position: 33.22627, 37.332275, 12.229758
Rotation: -0.18483841, 0.16654895, 4.712389
