MutagenObjectType: PlacedObject
FormKey: 001D86:CoraCoeMultiversalBookHunter.esm
Base: 0132D4:Starfield.esm
Layer: 001DC9:CoraCoeMultiversalBookHunter.esm
Scale: 0.71
Position: 48.08049, 27.048782, 12.418875
Rotation: -0.4393678, 0.20522492, 4.712389
