MutagenObjectType: PlacedObject
FormKey: 001D22:CoraCoeMultiversalBookHunter.esm
Base: 029ADF:Starfield.esm
SourcePackIn: 02A3E5:Starfield.esm
Layer: 001DC9:CoraCoeMultiversalBookHunter.esm
Scale: 1.0699999
Position: 63.918766, 26.793467, 13.549671
Rotation: 2.9191403, 0.18130709, 4.088848
