MutagenObjectType: PlacedObject
FormKey: 001D14:CoraCoeMultiversalBookHunter.esm
Base: 029AE5:Starfield.esm
SourcePackIn: 19FAEA:Starfield.esm
Layer: 001DC9:CoraCoeMultiversalBookHunter.esm
Scale: 0.96999997
Position: 89.4726, 14.46137, 9.272927
Rotation: 0.95155746, 0.0127255125, 1.0996735
