MutagenObjectType: PlacedObject
FormKey: 001DA7:CoraCoeMultiversalBookHunter.esm
Base: 0E3141:Starfield.esm
Layer: 001DC3:CoraCoeMultiversalBookHunter.esm
Scale: 0.76
Position: 44.465385, 23.856543, 11.873984
Rotation: 0.07011033, 0.011110615, 3.6246758
