MutagenObjectType: PlacedObject
FormKey: 001D58:CoraCoeMultiversalBookHunter.esm
Base: 1D2098:Starfield.esm
Layer: 001DC3:CoraCoeMultiversalBookHunter.esm
Position: 29.352667, 25.063755, 12.164809
Rotation: 0.07873773, -0.05900599, 3.3123891
