MutagenObjectType: PlacedObject
FormKey: 001D74:CoraCoeMultiversalBookHunter.esm
Base: 0132D2:Starfield.esm
Layer: 001DC9:CoraCoeMultiversalBookHunter.esm
Position: 46.77465, 25.957935, 11.895497
Rotation: -0.20698503, 0.11690295, 4.712389
