MutagenObjectType: PlacedObject
FormKey: 001D4D:CoraCoeMultiversalBookHunter.esm
Base: 1E1BE3:Starfield.esm
Layer: 001DC3:CoraCoeMultiversalBookHunter.esm
Position: 27.28182, 40.962364, 14.317621
Rotation: -0.055673156, -0.14746101, 0.024202298
