MutagenObjectType: PlacedObject
FormKey: 001D56:CoraCoeMultiversalBookHunter.esm
Base: 27A3A6:Starfield.esm
Layer: 001DC9:CoraCoeMultiversalBookHunter.esm
Position: 45.98955, 31.314444, 14.042301
Rotation: -0.5028388, 0.43475968, 4.712389
