MutagenObjectType: PlacedObject
FormKey: 001D83:CoraCoeMultiversalBookHunter.esm
Base: 012383:Starfield.esm
Layer: 001DC9:CoraCoeMultiversalBookHunter.esm
Scale: 1.89
Position: 39.476852, 20.613787, 13.16234
Rotation: 0.38910854, 0.02775043, 4.712389
