MutagenObjectType: PlacedObject
FormKey: 001D6F:CoraCoeMultiversalBookHunter.esm
Base: 012383:Starfield.esm
Layer: 001DC9:CoraCoeMultiversalBookHunter.esm
Position: 41.30063, 25.035097, 11.744323
Rotation: 0.20698501, -0.087852105, 4.712389
