MutagenObjectType: PlacedObject
FormKey: 001D1D:CoraCoeMultiversalBookHunter.esm
Base: 25405C:Starfield.esm
SourcePackIn: 02A3E5:Starfield.esm
Layer: 001DC9:CoraCoeMultiversalBookHunter.esm
Scale: 1.22
Position: 67.01928, 16.929813, 12.47968
Rotation: -0.40652472, 0.15784332, 6.2566814
