MutagenObjectType: PlacedObject
FormKey: 001D76:CoraCoeMultiversalBookHunter.esm
Base: 27A3A6:Starfield.esm
Layer: 001DC9:CoraCoeMultiversalBookHunter.esm
Position: 42.580315, 26.248905, 11.5487
Rotation: 0.07982076, 0.07957683, 4.712389
