MutagenObjectType: PlacedObject
FormKey: 001D8C:CoraCoeMultiversalBookHunter.esm
Base: 0132D3:Starfield.esm
Layer: 001DC9:CoraCoeMultiversalBookHunter.esm
Scale: 0.71
Position: 45.032642, 20.887272, 12.843625
Rotation: 0.5028388, -0.15643027, 4.712389
