MutagenObjectType: PlacedObject
FormKey: 001D9C:CoraCoeMultiversalBookHunter.esm
Base: 2A323B:Starfield.esm
Layer: 001DC3:CoraCoeMultiversalBookHunter.esm
Position: 32.1917, 24.53894, 11.948033
Rotation: 0.09675783, -0.13323914, 6.2702923
