MutagenObjectType: PlacedObject
FormKey: 001D8A:CoraCoeMultiversalBookHunter.esm
Base: 0132D3:Starfield.esm
Layer: 001DC9:CoraCoeMultiversalBookHunter.esm
Scale: 0.71
Position: 52.56845, 27.491173, 13.417675
Rotation: -0.38910857, 0.05545819, 4.712389
