MutagenObjectType: PlacedObject
FormKey: 001D96:CoraCoeMultiversalBookHunter.esm
Base: 2A324D:Starfield.esm
Layer: 001DC3:CoraCoeMultiversalBookHunter.esm
Position: 26.529202, 34.62912, 12.070961
Rotation: -0.024039065, -0.10423048, 5.385687
