MutagenObjectType: PlacedObject
FormKey: 001D46:CoraCoeMultiversalBookHunter.esm
Base: 029AD9:Starfield.esm
SourcePackIn: 02A3E5:Starfield.esm
Layer: 001DC9:CoraCoeMultiversalBookHunter.esm
Position: 84.53494, 54.842186, 35.549194
Rotation: 0.29843587, -0.22037718, 0.09039854
