MutagenObjectType: PlacedObject
FormKey: 001D9E:CoraCoeMultiversalBookHunter.esm
Base: 324542:Starfield.esm
Layer: 001DC3:CoraCoeMultiversalBookHunter.esm
Position: 37.91356, 37.081406, 11.837353
Rotation: 0.045722973, -0.050553676, 4.770895
