MutagenObjectType: PlacedObject
FormKey: 001DA1:CoraCoeMultiversalBookHunter.esm
Base: 29FE2F:Starfield.esm
Layer: 001DC3:CoraCoeMultiversalBookHunter.esm
Scale: 1.66
Position: 31.411018, 34.466476, 11.624215
Rotation: 0.020209344, -0.093685985, 6.281295
