MutagenObjectType: PlacedObject
FormKey: 001D85:CoraCoeMultiversalBookHunter.esm
Base: 0132D3:Starfield.esm
Layer: 001DC9:CoraCoeMultiversalBookHunter.esm
Position: 39.577194, 28.620924, 11.289484
Rotation: -0.020312004, -0.013275669, 4.712389
