MutagenObjectType: PlacedObject
FormKey: 001D3F:CoraCoeMultiversalBookHunter.esm
Base: 029AEB:Starfield.esm
SourcePackIn: 02A3E5:Starfield.esm
Layer: 001DC9:CoraCoeMultiversalBookHunter.esm
Scale: 0.96999997
Position: 81.699715, 73.70139, 24.118792
Rotation: 0.48528156, -0.3132633, 4.1479316
