MutagenObjectType: PlacedObject
FormKey: 001D8F:CoraCoeMultiversalBookHunter.esm
Base: 27A3A7:Starfield.esm
Layer: 001DC9:CoraCoeMultiversalBookHunter.esm
Scale: 2.27
Position: 49.37051, 20.58104, 12.161482
Rotation: 0.3097098, -0.11379713, 4.712389
