MutagenObjectType: PlacedObject
FormKey: 001D89:CoraCoeMultiversalBookHunter.esm
Base: 27A3A7:Starfield.esm
Layer: 001DC9:CoraCoeMultiversalBookHunter.esm
Scale: 0.71
Position: 53.30084, 28.35991, 13.801974
Rotation: -0.38910854, -0.02775043, 4.712389
