MutagenObjectType: PlacedObject
FormKey: 001D90:CoraCoeMultiversalBookHunter.esm
Base: 0132D4:Starfield.esm
Layer: 001DC9:CoraCoeMultiversalBookHunter.esm
Scale: 2.27
Position: 53.339996, 18.555239, 11.995678
Rotation: 0.33158845, 0.28168643, 3.5977564
