MutagenObjectType: PlacedObject
FormKey: 001D7D:CoraCoeMultiversalBookHunter.esm
Base: 211462:Starfield.esm
Layer: 001DC9:CoraCoeMultiversalBookHunter.esm
Position: 58.868324, 25.234852, 12.942059
Rotation: -0.28226057, 0.105256766, 4.712389
