MutagenObjectType: PlacedObject
FormKey: 001D88:CoraCoeMultiversalBookHunter.esm
Base: 27A3A7:Starfield.esm
Layer: 001DC9:CoraCoeMultiversalBookHunter.esm
Scale: 0.71
Position: 52.502216, 25.29857, 12.368452
Rotation: -0.38910854, 0.11057733, 4.712389
