MutagenObjectType: PlacedObject
FormKey: 001D52:CoraCoeMultiversalBookHunter.esm
Base: 0132D4:Starfield.esm
Layer: 001DC9:CoraCoeMultiversalBookHunter.esm
Position: 47.582195, 31.284807, 14.65557
Rotation: -0.5477293, 0.26667818, 4.712389
