MutagenObjectType: PlacedObject
FormKey: 001D17:CoraCoeMultiversalBookHunter.esm
Base: 01C3BE:Starfield.esm
Layer: 001DC5:CoraCoeMultiversalBookHunter.esm
Position: 27.713413, 14.930987, 13.374964
Rotation: 3.1061094, -0.100865535, 2.1556962
