MutagenObjectType: PlacedObject
FormKey: 001D5B:CoraCoeMultiversalBookHunter.esm
Base: 0E3141:Starfield.esm
Layer: 001DC3:CoraCoeMultiversalBookHunter.esm
Scale: 0.76
Position: 40.46827, 44.003212, 11.559606
Rotation: 0.037205044, -0.06066961, 4.8699274
