MutagenObjectType: PlacedObject
FormKey: 001D4B:CoraCoeMultiversalBookHunter.esm
Base: 019700:Starfield.esm
SourcePackIn: 02A3E5:Starfield.esm
Layer: 001DC9:CoraCoeMultiversalBookHunter.esm
Scale: 1.04
Position: 92.614815, 64.97938, 23.910334
Rotation: 0.5826156, -0.66872454, 4.5414224
