MutagenObjectType: PlacedObject
FormKey: 001D7E:CoraCoeMultiversalBookHunter.esm
Base: 211462:Starfield.esm
Layer: 001DC9:CoraCoeMultiversalBookHunter.esm
Position: 54.79468, 19.535398, 11.688384
Rotation: 0.11941762, -0.059502292, 4.712389
