MutagenObjectType: PlacedObject
FormKey: 001D8D:CoraCoeMultiversalBookHunter.esm
Base: 16D537:Starfield.esm
Layer: 001DC9:CoraCoeMultiversalBookHunter.esm
Scale: 0.71
Position: 41.5, 21.535067, 10.876785
Rotation: 0.3097098, -0.057083365, 4.712389
