MutagenObjectType: PlacedObject
FormKey: 001D73:CoraCoeMultiversalBookHunter.esm
Base: 0132D2:Starfield.esm
Layer: 001DC9:CoraCoeMultiversalBookHunter.esm
Position: 41.57136, 21.00502, 13.01881
Rotation: 0.48735705, 0.026500981, 4.712389
