MutagenObjectType: PlacedObject
FormKey: 001D29:CoraCoeMultiversalBookHunter.esm
Base: 029AE9:Starfield.esm
SourcePackIn: 02A3E5:Starfield.esm
Layer: 001DC9:CoraCoeMultiversalBookHunter.esm
Position: 50.792473, 31.02524, 14.95167
Rotation: -0.4737534, 0.03908538, 4.9953423
