MutagenObjectType: PlacedObject
FormKey: 001D6A:CoraCoeMultiversalBookHunter.esm
Base: 1F5639:Starfield.esm
ConstrainedDecal: 2.5700302, 3.0336494, 0.5
Layer: 001DC4:CoraCoeMultiversalBookHunter.esm
Position: 28.29415, 24.790165, 12.306286
Rotation: -3.062864, 0.05900599, 0
