MutagenObjectType: PlacedObject
FormKey: 001D7F:CoraCoeMultiversalBookHunter.esm
Base: 012381:Starfield.esm
Layer: 001DC9:CoraCoeMultiversalBookHunter.esm
Scale: 1.89
Position: 56.049156, 28.25012, 13.756213
Rotation: -0.38910854, 0.02775043, 4.712389
