MutagenObjectType: PlacedObject
FormKey: 001D27:CoraCoeMultiversalBookHunter.esm
Base: 029AD7:Starfield.esm
SourcePackIn: 02A3E5:Starfield.esm
Layer: 001DC9:CoraCoeMultiversalBookHunter.esm
Scale: 0.71
Position: 58.01293, 25.967154, 12.7869
Rotation: 2.4418526, 0.035553794, 2.5005765
