MutagenObjectType: PlacedObject
FormKey: 001D6D:CoraCoeMultiversalBookHunter.esm
Base: 012381:Starfield.esm
Layer: 001DC9:CoraCoeMultiversalBookHunter.esm
Position: 37.67307, 26.566319, 11.702525
Rotation: 0.1683797, -0.08849529, 4.712389
