MutagenObjectType: PlacedObject
FormKey: 001D8E:CoraCoeMultiversalBookHunter.esm
Base: 16D537:Starfield.esm
Layer: 001DC9:CoraCoeMultiversalBookHunter.esm
Scale: 0.71
Position: 44.100002, 26.300001, 10.1
Rotation: -0.119417615, 0.1185862, 4.712389
