MutagenObjectType: PlacedObject
FormKey: 001D5C:CoraCoeMultiversalBookHunter.esm
Base: 02F485:Starfield.esm
Layer: 001DC3:CoraCoeMultiversalBookHunter.esm
Scale: 1.4
Position: 34.947685, 39.410633, 11.972847
Rotation: -0.011986093, 0.104640126, 4.713936
