MutagenObjectType: PlacedObject
FormKey: 001D78:CoraCoeMultiversalBookHunter.esm
Base: 27A3A6:Starfield.esm
Layer: 001DC9:CoraCoeMultiversalBookHunter.esm
Position: 40.68161, 21.361925, 12.891746
Rotation: 0.38910854, 0.02775043, 4.712389
