MutagenObjectType: PlacedObject
FormKey: 001D75:CoraCoeMultiversalBookHunter.esm
Base: 27A3A6:Starfield.esm
Layer: 001DC9:CoraCoeMultiversalBookHunter.esm
Position: 52.16278, 24.237158, 11.916692
Rotation: -0.30970982, 0.028564952, 4.712389
