MutagenObjectType: PlacedObject
FormKey: 001D9F:CoraCoeMultiversalBookHunter.esm
Base: 237541:Starfield.esm
LayeredMaterialSwaps:
- 10862D:Starfield.esm
Layer: 001DC3:CoraCoeMultiversalBookHunter.esm
Position: 32.12182, 34.754982, 11.573987
Rotation: 0.0139583135, -0.043175753, 6.2825828
