MutagenObjectType: PlacedObject
FormKey: 001D71:CoraCoeMultiversalBookHunter.esm
Base: 211462:Starfield.esm
Layer: 001DC9:CoraCoeMultiversalBookHunter.esm
Position: 41.091755, 27.096094, 11.42615
Rotation: 0.14887866, 0.02965939, 4.712389
