MutagenObjectType: PlacedObject
FormKey: 001DAA:CoraCoeMultiversalBookHunter.esm
Base: 1691A5:Starfield.esm
Layer: 001DC3:CoraCoeMultiversalBookHunter.esm
Scale: 0.69
Position: 26.945473, 39.478954, 13.901966
Rotation: 0.032160886, -0.18403302, 6.2772985
