MutagenObjectType: PlacedObject
FormKey: 001D39:CoraCoeMultiversalBookHunter.esm
Base: 029AE9:Starfield.esm
SourcePackIn: 02A3E5:Starfield.esm
Layer: 001DC9:CoraCoeMultiversalBookHunter.esm
Position: 93.27122, 71.14245, 22.543123
Rotation: 0.53003544, -0.24761467, 4.1585464
