MutagenObjectType: PlacedObject
FormKey: 001D92:CoraCoeMultiversalBookHunter.esm
Base: 16D537:Starfield.esm
Layer: 001DC9:CoraCoeMultiversalBookHunter.esm
Position: 56.348026, 34.032303, 16.845907
Rotation: -0.7953044, 0.18004747, 4.712389
