MutagenObjectType: PlacedObject
FormKey: 001D70:CoraCoeMultiversalBookHunter.esm
Base: 211462:Starfield.esm
Layer: 001DC9:CoraCoeMultiversalBookHunter.esm
Position: 39.880383, 27.408854, 11.392577
Rotation: 0.08974821, -0, 4.712389
