MutagenObjectType: PlacedObject
FormKey: 001D91:CoraCoeMultiversalBookHunter.esm
Base: 16D531:Starfield.esm
Layer: 001DC9:CoraCoeMultiversalBookHunter.esm
Scale: 0.69
Position: 42.934906, 18.683388, 11.730552
Rotation: 0.5028388, -0.15643027, 4.712389
