MutagenObjectType: PlacedObject
FormKey: 001D41:CoraCoeMultiversalBookHunter.esm
Base: 029AEB:Starfield.esm
SourcePackIn: 02A3E5:Starfield.esm
Layer: 001DC9:CoraCoeMultiversalBookHunter.esm
Scale: 0.97999996
Position: 80.10232, 59.931877, 34.150093
Rotation: 2.9908946, -0.10356274, 3.1654122
