MutagenObjectType: PlacedObject
FormKey: 001D72:CoraCoeMultiversalBookHunter.esm
Base: 0132D4:Starfield.esm
Layer: 001DC9:CoraCoeMultiversalBookHunter.esm
Position: 42.54431, 27.275745, 11.520743
Rotation: 0.029987065, 0.1390342, 0.0041570202
