MutagenObjectType: PlacedObject
FormKey: 001D79:CoraCoeMultiversalBookHunter.esm
Base: 25405B:Starfield.esm
Layer: 001DC9:CoraCoeMultiversalBookHunter.esm
Scale: 0.96999997
Position: 47.5, 30.7, 14.1
Rotation: -0.57636416, 0.30844027, 4.712389
