MutagenObjectType: PlacedObject
FormKey: 001DA3:CoraCoeMultiversalBookHunter.esm
Base: 015328:Starfield.esm
Layer: 001DC3:CoraCoeMultiversalBookHunter.esm
Position: 29.855366, 32.992065, 11.7435055
Rotation: -0.006075614, -0.06797298, 0.00041266467
