MutagenObjectType: PlacedObject
FormKey: 001D7C:CoraCoeMultiversalBookHunter.esm
Base: 029AD7:Starfield.esm
Layer: 001DC9:CoraCoeMultiversalBookHunter.esm
Scale: 1.1899999
Position: 60.9605, 26.143518, 12.910407
Rotation: -0.3631583, 0.16669956, 4.712389
