MutagenObjectType: PlacedObject
FormKey: 001DA9:CoraCoeMultiversalBookHunter.esm
Base: 1691A5:Starfield.esm
Layer: 001DC3:CoraCoeMultiversalBookHunter.esm
Position: 29.91525, 23.858221, 12.205503
Rotation: 0.02153098, -0.15978986, 6.279759
