MutagenObjectType: PlacedObject
FormKey: 001D95:CoraCoeMultiversalBookHunter.esm
Base: 2A323C:Starfield.esm
Layer: 001DC3:CoraCoeMultiversalBookHunter.esm
Position: 28.84937, 26.114008, 12.893928
Rotation: -0.10027038, -0.005515536, 1.0315652
