MutagenObjectType: PlacedObject
FormKey: 001D84:CoraCoeMultiversalBookHunter.esm
Base: 0132D2:Starfield.esm
Layer: 001DC3:CoraCoeMultiversalBookHunter.esm
Position: 38.06798, 29.525965, 11.346593
Rotation: -0.0566393, -0.011890331, 4.712389
