MutagenObjectType: PlacedObject
FormKey: 001D81:CoraCoeMultiversalBookHunter.esm
Base: 211462:Starfield.esm
Layer: 001DC9:CoraCoeMultiversalBookHunter.esm
Scale: 1.89
Position: 41.276276, 28.388857, 11.383033
Rotation: -0.059920657, 0.05982066, 4.3633885
