MutagenObjectType: PlacedObject
FormKey: 001D80:CoraCoeMultiversalBookHunter.esm
Base: 211462:Starfield.esm
Layer: 001DC9:CoraCoeMultiversalBookHunter.esm
Scale: 1.89
Position: 49.15536, 25.355156, 12.044253
Rotation: -0.29146126, 0.11443698, 4.712389
