MutagenObjectType: PlacedObject
FormKey: 001DA8:CoraCoeMultiversalBookHunter.esm
Base: 1691A0:Starfield.esm
Position: 32.675404, 23.784199, 12.162536
Rotation: 0.3097098, 0.11379713, 4.712389
