MutagenObjectType: PlacedObject
FormKey: 001D94:CoraCoeMultiversalBookHunter.esm
Base: 1F5606:Starfield.esm
ConstrainedDecal: 4.0690994, 4, 0.75
Layer: 001DC4:CoraCoeMultiversalBookHunter.esm
Position: 39.376465, 41.26211, 13.444747
Rotation: -0.5801443, -0.87706697, 3.6083639
