MutagenObjectType: PlacedObject
FormKey: 001D1E:CoraCoeMultiversalBookHunter.esm
Base: 25405B:Starfield.esm
SourcePackIn: 02A3E5:Starfield.esm
Layer: 001DC9:CoraCoeMultiversalBookHunter.esm
Scale: 1.22
Position: 61.356636, 33.477924, 18.397043
Rotation: -1.4349447, -0.5611272, 0.26785448
