MutagenObjectType: PlacedObject
FormKey: 001D77:CoraCoeMultiversalBookHunter.esm
Base: 27A3A7:Starfield.esm
Layer: 001DC9:CoraCoeMultiversalBookHunter.esm
Position: 38.132107, 27.477036, 11.516036
Rotation: 0.11941762, -0.10878529, 4.712389
