MutagenObjectType: PlacedObject
FormKey: 001D87:CoraCoeMultiversalBookHunter.esm
Base: 0132D3:Starfield.esm
Layer: 001DC9:CoraCoeMultiversalBookHunter.esm
Scale: 0.71
Position: 51.083443, 26.06476, 12.528242
Rotation: -0.4145167, 0.10939927, 4.712389
