MutagenObjectType: PlacedObject
FormKey: 001D16:CoraCoeMultiversalBookHunter.esm
Base: 029AE9:Starfield.esm
SourcePackIn: 02A3E5:Starfield.esm
Layer: 001DC9:CoraCoeMultiversalBookHunter.esm
Position: 73.4066, 11.04362, 12.9815445
Rotation: 0.058519594, 0.15949072, 5.5194654
