MutagenObjectType: PlacedObject
FormKey: 001D7A:CoraCoeMultiversalBookHunter.esm
Base: 029AE9:Starfield.esm
Layer: 001DC9:CoraCoeMultiversalBookHunter.esm
Scale: 0.96999997
Position: 42.89302, 28.429049, 11.788469
Rotation: -0.17808309, 0.19435205, 6.2484403
