MutagenObjectType: PlacedObject
FormKey: 001D66:CoraCoeMultiversalBookHunter.esm
Base: 1F5646:Starfield.esm
ConstrainedDecal: 4.0690994, 4, 0.75
Layer: 001DC4:CoraCoeMultiversalBookHunter.esm
Position: 34.142895, 30.341953, 11.380684
Rotation: -3.0746539, 0.11959147, 0.007997917
